397104
460136
869133
785137
145138
720862
869186
331244
533924
803369
753755
903550
268695
723651
474221
713064
8234
730312
371984
533611
288171
165849
597678
970117
888776
711307
919942
71000
61575
326669
160690
975031
786805
29824
276521
448295
750686
145707
295891
800962
465428
49646
220865
250476
289650
695086
963540
297884
941750
851877
347847
746274
17726
945526
232743
422855
173185
152685
493855
234760
995706
654546
209792
298863
200722
486313
747158
467760
148372
43050
268723
130152
609048
5940
380628
415050
701026
344169
712934
159128
712398
577134
905402
246476
39012
138145
669331
212197
807183
163187
963309
319241
334085
689453
618105
534807
692118
365263
518919
356842
924665
303994
486995
50066
309934
383975
465116
527312
244496
178051
686441
956894
271537
108195
203371
310549
762693
872702
39098
86228
35889
2407
405469
886326
208213
539926
937485
900331
905190
456405
773526
346207
760399
260521
396273
70334
644496
861390
113998
888993
555793
316791
362239
827330
941339
565610
654231
704032
438313
693329
306612
990554
212088
228433
393233
420301
768360
330718
836985
189902
303475
610511
536109
580227
871032
932383
166913
31880
310125
280911
437225
865918
597703
799465
209600
539042
881427
863831
759426
319740
73512
66038
826647
285600
294471
736232
705902
579183
66950
59239
769085
886778
669750
305195
467005
57134
753930
633918
89014
580407
914829
42592
446325
28884
842057
172277
567926
723484
552460
327352
559577
625972
909742
902576
911572
720566
638808
133826
299749
222110
709417
585187
625240
379167
406734
92245
436301
160664
242515
41668
741071
157345
84260
703748
702581
442669
876025
270508
166153
428485
114212
242082
570809
540307
661010
998733
777225
299818
648912
593326
38281
358329
178513
663521
737497
585247
272119
690150
262263
514634
731818
519686
188331
332430
223434
890913
775099
615811
677773
457605
560648
308337
699687
131457
364996
877050
646543
142221
693220
295455
735548
731501
653784
430413
911375
391281
15661
183494
81432
277924
698128
329602
313963
886460
662033
537397
293725
437132
669561
971498
411089
230209
796187
627129
878019
161184
504179
524562
303405
197399
336369
555305
445253
990153
985719
356628
897787
1380
540122
495571
795656
754602
825173
109619
157414
3558
163369
451139
957043
349282
938989
368132
95843
735177
995261
973862
896361
499440
14776
716118
696840
351145
271424
658445
857651
257143
15073
755438
258523
71547
251009
570531
342501
592534
196503
499916
596093
876224
467407
553136
225506
922749
921268
321349
657926
916530
811564
70639
932322
342692
786757
145514
210190
58181
803959
67841
831676
335384
823279
90199
406931
590640
177083
749433
183174
373586
765701
779267
249810
749460
848755
991668
672209
286376
313017
846487
202906
640933
917126
651580
983626
220236
313447
193816
794769
117406
261657
626446
969143
601288
232997
376074
191928
410080
641859
375102
300018
923912
670722
66180
673373
519477
57848
345582
805853
887218
708422
525111
528151
625548
693044
511777
362136
6491
221945
156906
640249
483602
299704
609392
601242
532701
501819
793170
459134
143678
684625
759152
583943
355347
341685
257316
391176
915885
119250
713382
319455
827672
754845
847607
969573
447889
875736
848061
970732
97682
4967
610982
97636
304671
736726
698879
353725
238545
8401
812859
898576
693026
88363
482519
564725
430048
739835
472254
862286
375437
185636
181741
719462
456833
545700
689035
904723
421437
53448
391807
35471
58416
2789
649459
879439
255868
864690
749516
494413
389444
562375
392989
82470
167091
875508
163548
597139
131695
635802
975777
507133
337790
157519
742947
794623
703219
948334
215698
641008
1782
607506
192831
576550
126647
358643
972342
382515
223333
721858
876929
129129
800586
786270
727952
967677
661779
891500
81168
309826
43654
56946
333311
381444
730817
76258
176067
434036
24592
908118
591397
26375
515624
300580
602925
158623
659223
91619
541139
398909
813478
934420
528038
614064
237042
255990
581741
898821
663842
179261
725000
707496
236207
58311
88940
967024
134570
781360
917413
675514
689478
25162
701889
721454
325742
821167
880077
984966
429138
937568
900227
242616
388340
428265
373032
625383
200608
954773
40556
864450
134035
765556
571947
886594
823868
177239
369971
958438
958599
287384
633952
164429
312546
852194
885883
154640
189713
765961
655958
618851
219881
556185
377820
608222
500803
750852
233605
217763
221978
274161
82213
872365
39718
170512
758959
379938
864104
128930
854728
822703
932666
488680
987133
761564
857226
389368
916205
563291
155329
88515
698495
891563
644701
76315
499785
661856
343519
249742
879619
565497
40255
478184
437862
79973
165049
713174
976263
29153
842104
830991
368208
291123
836024
871693
52687
693250
261062
485244
772894
932743
573760
987741
824306
734813
64056
324091
396669
923927
90185
276288
489425
130441
270824
443639
726766
435873
156813
703030
465026
515270
534021
833235
806393
370045
704928
375432
579648
965990
860677
352542
898734
950789
856635
239392
685602
920691
563484
82271
360970
653669
874911
850395
784110
145735
810387
510877
581609
967200
730259
46635
998822
264280
396222
321567
634326
101151
213352
213974
583493
590381
82868
998579
541170
939503
237972
226772
376546
317808
825395
737516
487829
216658
104264
271940
362393
914651
299169
460354
398203
545780
23342
913378
810060
419564
751297
960738
37067
964649
174712
620561
555030
773932
619140
96200
229787
373464
839324
122685
691272
181071
376554
179102
397729
997170
967394
760123
428173
782915
736829
342728
328695
760171
256106
138755
696088
7404
99494
733155
972053
790558
870068
43436
80843
5561
139636
826982
379025
495313
949668
70298
676384
842574
765752
74114
839744
733146
350589
267917
516061
87418
610645
844756
363942
383104
499863
60030
906860
115709
309537
395265
906268
179606
438701
503463
701519
94690
330445
80544
106355
280113
667194
782739
122687
949298
373205
478783
682444
723794
263052
714857
327565
390050
559613
691507
773154
575829
751537
196366
691538
577426
591631
597806
273384
546685
101269
974903
157727
431715
571800
264082
228180
755346
46821
867220
704645
420027
862355
387089
660173
125408
101947
987738
515458
177912
679245
804964
753741
947134
1330
961632
524561
592961
559438
797945
655998
177060
289201
813725
125127
861001
77807
869659
132699
640981
736879
837344
61008
599235
740786
237533
240995
842733
225272
756453
536997
420869
561417
807091
368004
562747
768723
408917
672060
844513
723214
844411
21573
528767
658136
663052
389768
735944
532712
522468
893277
785943
876164
470637
901530
616950
708170
142525
976035
449794
415330
513033
870664
976747
836476
755020
55846
605199
680289
244259
449712
403503
88670
987638
932271
263158
650690
838391
515454
699754
877211
408731
2050
269728
879368
903580
886678
587539
562458
862714
37333
977788
892099
907997
470888
728575
179369
526734
333774
859658
287345
299838
779514
376015
287476
711785
639174
454519
66528
154628
154273
