397104
460136
869133
785137
145138
720862
869186
331244
533924
803369
753755
903550
268695
723651
474221
713064
8234
730312
371984
533611
288171
165849
597678
970117
888776
711307
919942
71000
61575
326669
160690
975031
786805
29824
276521
448295
750686
145707
295891
800962
465428
49646
220865
250476
289650
695086
963540
297884
941750
851877
347847
746274
17726
945526
232743
422855
173185
152685
493855
234760
995706
654546
209792
298863
200722
486313
747158
467760
148372
43050
268723
130152
609048
5940
380628
415050
701026
344169
712934
159128
712398
577134
905402
246476
39012
138145
669331
212197
807183
163187
963309
319241
334085
689453
618105
534807
692118
365263
518919
356842
924665
303994
486995
50066
309934
383975
465116
527312
244496
178051
686441
956894
271537
108195
203371
310549
762693
872702
39098
86228
35889
2407
405469
886326
208213
539926
937485
900331
905190
456405
773526
346207
760399
260521
396273
70334
644496
861390
113998
888993
555793
316791
362239
827330
941339
565610
654231
704032
438313
693329
306612
990554
212088
228433
393233
420301
768360
330718
836985
189902
303475
610511
536109
580227
871032
932383
166913
31880
310125
280911
437225
865918
597703
799465
209600
539042
881427
863831
759426
319740
73512
66038
826647
285600
294471
736232
705902
579183
66950
59239
769085
886778
669750
305195
467005
57134
753930
633918
89014
580407
914829
42592
446325
28884
842057
172277
567926
723484
552460
327352
559577
625972
909742
902576
911572
720566
638808
133826
299749
222110
709417
585187
625240
379167
406734
92245
436301
160664
242515
41668
741071
157345
84260
703748
702581
442669
876025
270508
166153
428485
114212
242082
570809
540307
661010
998733
777225
299818
648912
593326
38281
358329
178513
663521
737497
585247
272119
690150
262263
514634
731818
519686
188331
332430
223434
890913
775099
615811
677773
457605
560648
308337
699687
131457
364996
877050
646543
142221
693220
295455
735548
731501
653784
430413
911375
391281
15661
183494
81432
277924
698128
329602
313963
886460
662033
537397
293725
437132
669561
971498
411089
230209
796187
627129
878019
161184
504179
524562
303405
197399
336369
555305
445253
990153
985719
356628
897787
1380
540122
495571
795656
754602
825173
109619
157414
3558
163369
451139
957043
349282
938989
368132
95843
735177
995261
973862
896361
499440
14776
716118
696840
351145
271424
658445
857651
257143
15073
755438
258523
71547
251009
570531
342501
592534
196503
499916
596093
876224
467407
553136
225506
922749
921268
321349
657926
916530
811564
70639
932322
342692
786757
145514
210190
58181
803959
67841
831676
335384
823279
90199
406931
590640
177083
749433
183174
373586
765701
779267
249810
749460
848755
991668
672209
286376
313017
846487
202906
640933
917126
651580
983626
220236
313447
193816
794769
117406
261657
626446
969143
601288
232997
376074
191928
410080
641859
375102
300018
923912
670722
66180
673373
519477
57848
345582
805853
887218
708422
525111
528151
625548
693044
511777
362136
6491
221945
156906
640249
483602
299704
609392
601242
532701
501819
793170
459134
143678
684625
759152
583943
355347
341685
257316
391176
915885
119250
713382
319455
827672
754845
847607
969573
447889
875736
848061
970732
97682
4967
610982
97636
304671
736726
698879
353725
238545
8401
812859
898576
693026
88363
482519
564725
430048
739835
472254
862286
375437
185636
181741
719462
456833
545700
689035
904723
421437
53448
391807
35471
58416
2789
649459
879439
255868
864690
749516
494413
389444
562375
392989
82470
167091
875508
163548
597139
131695
635802
975777
507133
337790
157519
742947
794623
703219
948334
215698
641008
1782
607506
192831
576550
126647
358643
972342
382515
223333
721858
876929
129129
800586
786270
727952
967677
661779
891500
81168
309826
43654
56946
333311
381444
730817
76258
176067
434036
24592
908118
591397
26375
515624
300580
602925
158623
659223
91619
541139
398909
813478
934420
528038
614064
237042
255990
581741
898821
663842
179261
725000
707496
236207
58311
88940
967024
134570
781360
917413
675514
689478
25162
701889
721454
325742
821167
880077
984966
429138
937568
900227
242616
388340
428265
373032
625383
200608
954773
40556
864450
134035
765556
571947
886594
823868
177239
369971
958438
958599
287384
633952
164429
312546
852194
885883
154640
189713
765961
655958
618851
219881
556185
377820
608222
500803
750852
233605
217763
221978
274161
82213
872365
39718
170512
758959
379938
864104
128930
854728
822703
932666
488680
987133
761564
857226
389368
916205
563291
155329
88515
698495
891563
644701
76315
499785
661856
343519
249742
879619
565497
40255
478184
437862
79973
165049
713174
976263
29153
842104
830991
368208
291123
836024
871693
52687
693250
261062
485244
772894
932743
573760
987741
824306
734813
64056
324091
396669
923927
90185
276288
489425
130441
270824
443639
726766
435873
156813
703030
465026
515270
534021
833235
806393
370045
704928
375432
579648
965990
860677
352542
898734
950789
856635
239392
685602
920691
563484
82271
360970
653669
874911
850395
784110
145735
810387
510877
581609
967200
730259
46635
998822
264280
396222
321567
634326
101151
213352
213974
583493
590381
82868
998579
541170
939503
237972
226772
376546
317808
825395
737516
487829
216658
104264
271940
362393
914651
299169
460354
398203
545780
23342
913378
810060
419564
751297
960738
37067
964649
174712
620561
555030
773932
619140
96200
229787
373464
839324
122685
691272
181071
376554
179102
397729
997170
967394
760123
428173
782915
736829
342728
328695
760171
256106
138755
696088
7404
99494
733155
972053
790558
870068
43436
80843
5561
139636
826982
379025
495313
949668
70298
676384
842574
765752
74114
839744
733146
350589
267917
516061
87418
610645
844756
363942
383104
499863
60030
906860
115709
309537
395265
906268
179606
438701
503463
701519
94690
330445
80544
106355
280113
667194
782739
122687
949298
373205
478783
682444
723794
263052
714857
327565
390050
559613
691507
773154
575829
751537
196366
691538
577426
591631
597806
273384
546685
101269
974903
157727
431715
571800
264082
228180
755346
46821
867220
704645
420027
862355
387089
660173
125408
101947
987738
515458
177912
679245
804964
753741
947134
1330
961632
524561
592961
559438
797945
655998
177060
289201
813725
125127
861001
77807
869659
132699
640981
736879
837344
61008
599235
740786
237533
240995
842733
225272
756453
536997
420869
561417
807091
368004
562747
768723
408917
672060
844513
723214
844411
21573
528767
658136
663052
389768
735944
532712
522468
893277
785943
876164
470637
901530
616950
708170
142525
976035
449794
415330
513033
870664
976747
836476
755020
55846
605199
680289
244259
449712
403503
88670
987638
932271
263158
650690
838391
515454
699754
877211
408731
2050
269728
879368
903580
886678
587539
562458
862714
37333
977788
892099
907997
470888
728575
179369
526734
333774
859658
287345
299838
779514
376015
287476
711785
639174
454519
66528
154628
154273
460092
79712
156323
729820
959080
576256
616498
546619
138714
995564
100305
632854
404015
524654
103742
132590
704024
146829
982716
563682
434174
798907
343196
326542
86383
571333
482068
57254
154214
153048
211528
614306
232760
884203
344126
191841
976811
476976
254812
115525
988893
355117
264732
392908
396124
884826
41851
100148
31655
24567
180182
982182
339826
39731
825076
426210
127416
307144
483464
281630
976544
211344
895936
209305
611900
756414
917498
588711
749743
172310
220589
738636
43780
485321
131544
439904
370147
173395
56404
918155
714315
752938
416689
54141
792669
241765
996703
436438
65261
996520
718068
41805
724216
130357
251110
336116
403123
168608
924828
152866
857271
145417
891502
417403
147090
539399
857307
33589
229146
430063
468096
459813
183001
884785
30307
492023
642902
27010
928461
708163
539882
162881
749969
264099
809590
517431
116567
212714
202392
557747
881932
59663
703164
289787
477066
366606
829186
850725
916548
574684
280788
384644
34498
980141
785782
64805
988516
428684
608167
916977
653200
148050
596211
919521
928501
405801
436952
45068
134867
639344
602816
16800
215359
822332
306587
208777
705291
652125
59502
621839
743161
856642
6483
777659
353136
308617
842464
341652
737302
450632
774982
906854
115034
371193
826375
43535
776994
263327
604955
428214
419024
207771
445014
634383
546456
267953
843161
251747
436430
419015
873586
179591
792010
396421
473603
145146
705039
316067
486798
958693
283051
261780
865547
398085
632973
691922
957972
926320
471601
562928
870886
890625
770699
832252
41361
833507
100205
400874
85254
52987
819889
475192
748930
128251
871614
222533
273397
93005
54953
760196
51698
338004
538328
917245
252442
687654
125519
210414
130326
597120
773342
1212
487746
60394
833464
529107
893901
450021
446333
495508
19360
266222
970700
768290
394474
358666
507176
184223
451671
562129
460771
19721
416485
999100
453318
668927
203106
578837
395694
333432
175958
169036
334644
180056
745782
168108
225515
156036
134481
671848
651544
153841
454422
138596
438483
365248
497263
945659
549472
465286
24140
10243
485008
440626
525695
938326
625905
728801
33516
21599
62233
725826
706988
913229
905882
452770
81337
647749
608806
732170
835949
776702
886011
290371
431651
324495
655620
928914
786506
721444
910552
810647
731687
911912
251273
773735
366591
877178
502536
400107
415130
564770
125933
122118
994351
548167
574888
592041
712268
700047
324211
548217
476749
726575
838588
908400
51070
10560
353666
353928
732004
780571
164575
980044
692483
932200
270131
59074
325731
772667
975533
740861
853789
617818
862979
848141
165985
954219
440182
878253
654266
764393
426470
647368
490968
781411
72120
58390
308323
425787
412319
556680
722710
93246
53076
931545
25447
323207
506972
867530
95874
482505
608391
466016
100324
987722
314157
782661
941941
270691
177267
596208
35084
120089
243576
42405
901500
315696
617147
726176
257835
545818
282856
496897
155417
335932
428443
180864
659139
935415
564746
271365
934272
173137
737381
34596
160859
567890
333610
102800
838581
510877
215360
873666
630966
975288
432423
48819
807337
565922
291347
581524
111741
574203
78422
267158
426487
23217
964374
601978
474984
529120
873343
409256
218609
127077
960205
895820
694967
293815
514972
533549
321044
730333
923567
952010
221973
872342
517181
29310
438264
808528
127187
66357
899083
205609
333515
325570
745178
814241
927548
220162
859713
317244
629418
78322
960673
589623
974142
655640
399790
489115
705541
720834
735800
145460
189197
957773
17802
706378
503436
972419
514907
630623
38776
930342
352584
372292
255913
614114
702885
699813
834276
562599
533409
463694
640921
494082
569670
131416
666075
969460
136883
371616
206647
389035
517077
395844
863160
51231
102222
366596
23650
133481
513571
62427
63824
382507
951071
836089
996621
653956
52254
830897
732907
585664
810944
890181
79746
896966
21597
745821
382778
158480
633790
589425
63867
150867
501621
927027
718450
603844
293624
742101
253677
323547
320880
833853
222407
271951
186294
219028
442259
238549
566278
175167
824213
893574
65348
420311
790540
603297
166133
689670
278129
316275
279096
341996
983494
780717
269023
701944
900913
78999
444045
670943
918899
764925
21148
141306
553228
207443
360334
511840
445992
442964
687007
786557
336538
268707
206868
643430
388356
889353
333101
666485
205628
128549
8481
189122
425618
793856
891067
326532
389208
851464
513827
308107
132742
534975
449413
202322
742418
326099
714162
704762
769064
917521
491319
105602
702580
698188
749033
90936
103893
598486
757421
825874
727035
282254
14996
152653
592463
422415
995537
981671
790232
509364
289778
439326
44340
739191
641648
303110
581642
355811
7873
350706
789684
499192
972661
492265
713732
238046
99553
333978
836532
856975
159852
563567
655581
691200
232572
248044
629968
228110
229715
420200
253826
519493
859526
814518
775036
17526
117629
356679
889689
125502
223737
679374
141046
196398
687991
371131
434444
787544
705109
787328
160871
864961
867247
332805
556161
99820
580849
186129
844282
326917
122681
98108
362762
982207
428979
137799
516086
546608
10830
405775
188462
234567
601501
329508
947318
289492
700639
898114
593389
405748
685443
754260
787061
552690
603417
343223
168862
184267
45704
529496
27536
168386
143957
390298
666945
572936
44449
183031
119544
571631
588807
824358
322551
706660
670218
269869
996153
370858
167983
589542
292958
853426
860154
596372
922469
463572
939595
91331
164191
501651
620828
191727
670037
764785
98377
336983
337721
659179
36366
973617
230810
141525
797975
553361
848186
468193
823230
360691
355403
991214
950233
164714
360992
326739
761086
283461
306663
217033
891145
987206
718684
28325
695285
905074
793110
793663
758409
647183
452842
794775
137152
200004
452653
451479
753366
300839
436024
92948
661530
307780
84162
128115
988846
961507
971206
749932
761320
277870
483317
652465
265076
202001
197142
960362
623427
506604
270377
381836
670139
239571
692964
807291
439575
145617
775122
192941
962808
727499
285890
624338
35279
886404
268805
24125
364263
240011
290409
125584
517881
773726
294401
299310
492079
491544
776024
115507
998148
46401
13695
668288
802324
706659
991931
241899
368628
283406
951193
331436
10905
237083
472126
46184
639839
740931
586661
4103
980943
877070
646039
15176
167148
940440
830838
659227
948336
606862
291086
462837
169615
304782
647477
971939
527793
639408
730191
412774
439166
681384
744210
450071
434819
216337
12607
74658
473620
599268
595113
454563
992690
241152
986092
159838
697945
816930
819066
162633
423793
626504
625470
109760
447638
789299
598052
491784
945060
328243
904558
384226
9627
648768
834298
444446
381457
846905
519104
371430
446174
630570
825993
955216
388074
328437
115055
602371
145368
450473
765005
85513
76977
906827
195273
40968
696127
793325
532752
641187
121568
437310
25413
131195
602430
376063
91993
983888
222969
127450
871670
185495
758020
697663
140711
146094
542453
772118
748466
687821
222591
29823
773334
815921
936650
484959
856889
149129
278285
389641
306668
916205
826951
332082
563753
429381
224497
655746
929621
963818
299548
801291
149313
57568
15307
806377
720015
557760
578495
468481
245581
317439
498304
535267
133360
951306
536578
990249
100436
331215
379890
407104
247421
206841
255538
327526
152574
480036
499624
598548
443854
799173
399839
109520
856741
931498
432249
93108
489258
10744
561589
251191
844535
576245
302810
977895
43904
839389
968144
144340
170604
348034
67796
934377
71227
839687
261903
740154
836075
761528
338702
796281
77053
254893
905801
450146
186392
338050
543255
192002
865147
104844
443194
226034
197442
262356
203930
241346
101745
172074
902038
788702
36461
486186
723079
624040
325873
501335
364194
161948
779215
219248
958230
856268
474142
380383
306414
660534
234786
849669
852536
616285
470866
812082
842319
184660
74439
46249
942358
692536
734676
844396
997590
287489
330582
720670
427881
172808
222005
308428
851108
1220
527676
325690
373840
1818
222426
680254
178704
457212
46276
547593
589849
33494
876027
432168
218154
466818
994770
160512
675707
245798
521260
673297
533287
368194
393967
477520
541002
132324
785948
908463
649896
313625
234153
540088
831795
456579
220343
526852
430143
782971
74445
19992
816465
466824
968513
550971
933643
479635
711483
609350
241785
749095
282647
291424
117289
192967
768944
174644
841643
554893
83107
491540
868518
317260
31628
216665
290192
768323
743517
236687
67646
334314
773032
400463
801139
741545
951434
251134
737532
179269
376836
979317
928364
175835
787093
45654
368802
556037
220298
726798
110930
303405
218338
495800
137017
766318
712466
943561
50994
972335
180249
634992
823002
953281
35456
140493
211178
986890
391627
465062
682512
284815
960731
610876
460650
747824
172882
345805
303861
393180
72603
931144
212937
807293
426944
866307
89963
655762
326220
657309
144450
506469
292302
967452
976102
327758
624297
703632
831000
15924
168694
513512
817091
129425
640741
277741
877249
813623
623546
697463
723156
212501
628607
452445
19794
571903
318752
109758
744018
161325
767067
888468
184146
59369
372272
160249
903479
996569
863881
734480
528845
548928
764344
345936
678353
405085
140029
555603
218709
279928
253066
941865
492429
398025
394310
512224
969928
229415
138334
713946
907092
421753
118766
91238
481123
7390
251487
900954
3959
631721
635434
49156
180649
399779
911444
859002
804864
51474
930957
539925
847754
700375
998142
340183
614752
908805
368759
584681
138220
507093
814979
45312
928847
450098
652902
926322
457488
904390
827276
977800
52463
979063
26956
233112
895194
454753
608466
216410
506227
55776
756336
353981
272503
754478
210516
887256
663283
579276
988289
317855
602721
803268
879519
531568
769718
532422
974242
227207
953164
801519
205007
5627
296934
748315
755091
192128
203068
879909
408538
225647
452037
681226
95980
724541
952057
306497
128149
131692
885773
116438
449548
4846
436058
845419
536415
205777
894193
27009
949336
847357
828528
154343
369336
125462
419010
640779
833942
622079
520689
758833
847726
972726
440059
943707
213619
392116
766556
341768
523809
168681
974558
489709
173527
410617
335128
709942
132746
745674
736952
82082
109383
81832
752777
478720
723647
171787
119499
73941
793866
156540
832774
157945
129267
272834
618004
342886
181302
384560
201007
705111
553241
175565
711172
726768
102534
562653
953063
235280
308327
206367
833714
417710
804551
586491
412782
44550
274631
532282
118492
584849
688822
951266
742794
334441
740452
877150
193680
921755
261710
394687
143218
331303
570252
854391
574424
189139
417044
527487
424419
241723
250206
774486
659433
571109
877329
72216
615660
151960
120850
734152
736810
326024
201770
995956
660466
942223
389459
370498
380330
651169
765185
523548
498825
851789
894291
73249
40928
311335
117088
981700
69410
883646
756186
728844
454755
633515
317412
70415
301828
438262
320919
554990
280638
522690
67298
941104
464913
456757
311602
845243
624279
593139
885143
123104
444929
779435
712705
2209
607122
829793
983909
676533
713439
740095
921729
168194
889963
755493
754962
708143
193755
75881
263133
990745
598571
846783
448202
579836
303541
276156
941431
444172
869296
826575
567276
830577
122362
796333
832786
245836
626126
816696
438721
855917
73143
360450
540463
479458
115943
295425
187601
826050
887659
967086
816796
2582
330222
264998
582419
633763
541154
40202
77935
926802
383129
161563
757379
505491
957896
106518
751328
100374
439566
190049
472643
512709
66852
13106
508520
699147
824884
212473
41550
712543
179560
374698
231477
509782
156048
813896
659897
213554
854099
254184
140357
237228
932099
414088
259072
406347
520606
526752
506721
960172
233153
979364
989234
300005
508822
497754
515505
333706
710227
557055
562601
406139
448105
794079
432273
604153
124327
608522
817707
494778
862706
958064
732007
311157
372153
507431
717504
409111
34183
224225
369284
267336
719941
358518
83694
228764
372624
599199
78822
599203
672606
157776
5343
120711
468207
953968
724864
592534
562491
58923
87313
941549
16988
335672
252707
905493
843103
970211
314604
393638
710789
200240
660974
430730
75110
261020
175846
964086
376571
771021
563290
49177
928797
84985
686240
397004
38953
927456
505890
117796
986380
593203
575698
3368
445227
344757
425213
804682
831320
256169
198320
542109
456410
859295
489192
47872
636667
181390
11959
13239
952411
575249
62416
881208
176586
265009
278212
215539
192465
784103
849688
178845
893658
425386
698565
338886
286495
640130
143568
117815
896300
858241
659925
869062
717536
665469
916934
354203
846859
928893
883794
799271
20494
462563
680479
197080
727572
475044
928972
436389
775499
295012
615235
185509
236750
830152
524395
523245
470283
184316
641060
882935
42557
300985
751997
276445
482806
668931
147000
329666
114177
30795
645289
651023
9710
325768
848104
737282
317164
293428
173671
92663
588440
305258
794525
825190
135411
835272
348435
122046
19588
505847
521333
578497
323185
273330
371294
805991
458613
34647
652009
89142
581794
297298
740166
591504
139419
104622
328786
456583
398050
18809
65599
502842
324068
860124
844384
975831
695396
709171
614229
231337
215018
135562
326186
538203
408892
697481
344195
383857
248480
996204
473000
830274
293503
213166
938130
432922
834140
266916
405857
748542
802077
471456
251384
126145
847932
95768
618328
59681
321291
232557
291018
536309
368119
617204
74513
293363
831037
935060
677221
595869
447616
666573
426143
741119
879739
364273
690393
230231
147541
612603
978773
465971
600411
230157
108468
448344
842277
726797
508025
163568
475706
315395
216229
360178
932599
807094
653541
279989
742154
847114
875858
189771
30039
818354
447242
426130
698979
653988
656361
362873
266591
635134
828844
867002
381643
937312
315346
740272
180461
339723
903840
656168
655118
636422
16346
104070
443516
669887
384059
185671
33354
776269
891794
63393
594623
339036
489524
809955
509376
662237
172828
775967
297372
518024
642970
679015
455336
474668
419288
635798
814392
839480
291966
469510
475902
308312
89932
435771
494551
473991
137794
44257
766613
29588
624003
361236
884976
629879
687543
394353
292116
860371
170320
589488
378395
329642
784856
350084
804311
720496
985882
135055
559976
794200
120917
552231
618864
210850
504354
629767
684841
642148
674025
967806
188088
814380
329043
589416
444259
532938
983769
252727
393310
670442
358568
771705
516436
143424
638141
320747
863920
624023
972154
940248
934575
93072
8831
553439
303922
513185
183207
505115
155333
373584
472922
859773
187964
318317
449190
148575
851255
432959
401302
244565
619753
759870
532623
136190
419646
170764
973289
283566
311140
945444
740167
245715
38516
748998
315507
858790
262184
15066
363905
933869
388650
353179
793643
92966
671496
242833
241541
39104
192144
159195
800021
811898
919066
848996
464440
338712
19761
954081
138631
847253
899525
878798
609320
454393
627796
441179
829535
406332
456245
709793
340202
361247
62972
133845
970565
250821
893030
212106
289925
85174
887654
89946
413424
806720
938943
394216
661784
475056
348298
316767
838661
764175
195565
447981
734921
339714
405513
564456
746046
861758
274249
86248
739358
853574
736445
709923
104395
629475
438382
394320
231002
326036
618
160778
649108
939561
554995
827244
930969
419645
144012
769630
183820
855929
733964
435093
195643
139477
515902
458042
517587
306503
544290
773297
160077
797088
483221
780824
942915
921603
175144
173917
763991
175763
851048
413099
631676
406043
756695
562646
825688
900707
848628
525860
756637
582592
960954
468632
238421
993208
926674
756009
299711
987317
45658
976141
784405
528879
756965
243672
966834
932110
933942
730825
624225
784990
660276
772253
191033
416972
851251
533073
834031
699880
575285
590668
798824
52591
575653
37246
45799
502327
309607
345511
489644
355265
321652
790401
884145
78617
34074
367331
527079
968016
98157
667656
753006
274785
439910
460391
208109
291161
993464
42141
507393
568749
632809
306218
621341
724814
343464
183492
227142
169423
45355
233138
524688
367007
23540
925185
961977
573966
292517
5408
58334
907026
189417
327692
698163
629327
788083
906273
436840
297899
948414
460586
383000
97575
766804
520693
822390
626620
704186
565884
312395
749541
799022
837083
632901
338914
278621
111230
912880
87490
632990
971214
510868
822407
298906
725383
968086
603341
631656
921279
417592
96422
381865
800593
710350
665021
837638
49092
807993
58176
614976
120388
807718
930350
473823
956971
269265
752444
584553
182145
356286
217543
669712
383506
39951
484970
108890
524389
604664
740546
445668
22256
353321
343885
339201
63671
8906
176840
629115
333251
235016
760443
453639
559086
690793
927463
516057
960058
196259
616962
142204
68898
834506
328268
452404
390809
813238
561294
915198
417902
818193
877219
956511
171514
221104
295712
751537
746363
472552
897004
79614
223921
657447
533254
783007
348240
977069
815417
308299
689680
432379
966855
758578
783237
295123
727335
174046
624713
288629
605597
558968
106822
482816
515479
794688
220272
327543
62577
966635
800096
959581
46250
24017
617028
95856
323376
965269
589277
138793
789920
278957
87525
273127
553888
870762
568250
797575
561161
709315
86204
683110
784635
709379
682278
816466
20419
902550
144010
82997
385538
460458
558930
431788
827
175959
43996
324203
657580
633273
979349
963852
428582
66874
236979
498822
453988
321581
296397
15149
30896
898954
698259
815532
608333
380537
148350
145104
799440
292360
228101
184978
269170
787032
133118
269997
479343
177114
110553
653275
326739
606254
617127
271673
673128
854106
286848
127116
175687
99597
658618
206583
998551
873229
538467
123236
253767
203170
268341
53207
11882
12794
754537
281053
316178
887655
67402
795521
581121
694307
448796
424212
300561
65923
695885
490041
436381
499085
133510
612068
598683
792128
335004
113586
665357
389823
236823
435476
592993
21516
5035
604876
550662
759572
402281
866841
647227
469683
662362
744700
163991
627511
168912
980904
209786
381150
470946
646168
880235
604456
258236
995270
396584
109592
108857
578293
499416
862032
13770
92409
399900
18805
213637
950562
294730
615918
817403
941957
601954
996118
203010
282297
623629
371922
263201
833415
753072
250499
995935
149660
854955
254172
144930
767891
363764
253787
862537
379532
632171
876307
988294
32071
411464
201931
982634
706194
334202
316389
164504
452508
312507
367514
734805
452488
255788
514358
802256
8861
764858
798191
158521
136165
568715
819803
420409
448832
589943
282946
828364
222114
675605
816658
770538
87069
534942
269524
309616
869144
585913
990472
321652
414773
874338
572809
867261
130126
87167
185869
655339
368377
984061
330212
504543
552776
150016
924952
1608
739959
207898
346325
478425
399855
162983
248963
486924
697925
518487
312892
83421
620753
819716
921425
35526
694054
494234
902787
340533
97754
88657
995872
466131
589070
326085
970674
658198
476101
411978
176159
732412
619876
522484
210837
19731
685467
976153
23008
899745
494640
852252
499518
631745
671969
420944
667271
882375
431530
86411
222908
529284
691420
735133
995416
280490
61218
482442
455040
53671
894421
631199
302435
30649
153683
513272
566733
355503
5777
106093
771600
16770
958345
271118
648515
146666
208414
315787
545394
639945
918550
768302
685581
609970
503435
197349
406812
81005
196144
861852
134676
90565
493052
953463
637566
163087
983088
204299
34942
988865
826744
322894
5635
301442
594013
170503
448108
318779
486290
993502
475076
404840
278157
160658
531162
297944
874359
937974
378950
70503
799826
29978
677420
809230
983442
831339
488670
966530
551990
523612
471747
378735
846507
993735
680177
956872
164238
644637
792003
166880
638140
267080
571720
432649
944090
619234
730593
818449
557208
625895
405305
873386
655874
82725
198969
155668
430416
687639
638550
982407
211251
110297
361142
574110
104032
41319
47334
784622
685956
839338
951502
840448
106418
39574
789449
50508
658808
520043
385309
732368
145938
790614
605755
318164
389692
804724
990184
336460
8715
628734
318867
736318
255384
680009
310429
875768
237680
874115
660391
439989
713453
128245
280437
819871
167820
586239
386731
826628
106282
288393
558997
768572
595359
681104
603089
501403
2180
593273
837864
10895
738360
156731
747213
510096
836741
573994
385864
590773
448110
562607
30762
161563
690853
827552
497787
375025
413791
400870
201653
36425
689263
277002
321349
800975
474458
924438
302378
476638
34064
140242
3885
288776
296974
267451
798872
650067
841445
701088
240840
805907
780048
787955
967471
987253
131859
981610
362278
545650
382480
563931
98427
588096
357286
419776
389071
348096
860567
207801
341087
410983
348044
344972
216111
161370
128775
14983
811437
970221
232423
568629
776128
12471
872936
259951
999724
4795
241561
362002
550445
140394
442286
165224
244842
315924
585001
150265
664020
961920
358066
521459
889255
706110
382784
105366
867480
511559
120349
195269
998132
869124
280251
774261
881596
153187
550564
397672
157983
308478
276027
224780
965224
234665
390005
210066
550589
491358
876683
730961
969630
234749
768773
858885
457212
151557
964251
841044
663116
600952
552666
661249
470076
832917
951862
868024
502456
502426
782049
660439
810904
58076
885220
292480
292741
791577
502546
359682
282935
895581
90643
252565
646683
859416
627802
103895
527325
592053
461291
190442
193005
530309
368043
179433
879578
836257
563810
382035
855035
345859
42474
182292
403935
444046
474772
696676
235623
493671
56358
34910
389252
663353
803827
35935
39122
431629
656182
566447
540034
633826
273241
249391
164135
641284
428825
43714
993893
992635
425749
848929
338494
984575
31221
258781
428622
22345
471809
180597
516016
44519
215508
905269
224224
535687
457556
263346
967317
113739
829794
23703
747565
103035
273095
428052
260672
218272
471766
770917
727259
413867
619846
582105
398443
167419
840886
343417
189765
312695
524014
705781
873566
255874
127402
97790
791562
584959
361137
275231
698698
707283
298934
962615
326670
88381
390667
103694
306653
378786
874612
33912
309005
10810
616017
707448
178230
973255
567217
367995
802302
91232
590128
675868
347106
717531
773659
655020
302490
651148
930251
517540
358431
229186
480155
685101
317567
387174
305148
140573
765960
179760
690837
591318
190570
306855
815118
368800
796462
382336
253147
598765
473568
359628
274633
337026
77159
564644
992047
896001
215792
438650
413541
90575
184188
410048
292029
18108
797222
597177
158681
79535
776937
849518
670853
483859
672725
485971
369012
469188
868307
138511
67953
858227
498139
858938
711606
91650
939935
703653
987651
672079
658655
917544
762655
842844
327592
571036
860952
641167
168213
19633
720702
461502
385503
907907
461713
58229
393878
830725
43769
778538
969237
628074
636765
983728
487012
864723
75379
943299
84728
579382
615379
743384
496927
894386
586228
340871
465422
447180
982038
149987
983165
219092
611489
368668
126999
589554
426897
37230
420280
987018
815768
905869
615092
968885
889597
102105
833609
481328
561756
918337
577063
177135
661721
590342
587873
764301
931213
53295
727833
429604
719634
710998
165048
847475
79667
292048
437030
22916
329278
857310
9935
661398
279531
625027
630283
685480
243484
980244
683161
805241
898582
260224
498728
76655
850566
602954
357309
298131
656249
85142
727735
375884
796141
409136
223359
875808
701184
176741
415076
546814
550403
941363
208212
829934
566391
354847
31767
326227
335092
714928
647820
233674
975152
662901
826681
342070
265855
183990
640201
922104
269133
884289
814340
581626
293425
554052
973786
994609
730793
388862
57775
797549
330226
782339
627483
412969
137186
175602
739196
472278
890530
903369
222304
382034
566270
565338
724104
832125
265680
880658
270581
534813
764947
84922
632791
58372
155326
606577
569333
402471
511792
143460
200020
842018
925799
343856
771339
62985
519458
26887
51616
926341
930256
790272
308375
496526
355610
548832
328651
621291
429490
599233
672456
710789
200507
821600
769161
872185
428177
854846
274656
939969
998306
991029
298339
924105
851237
69678
503442
370695
612918
71410
813388
543174
861683
638116
39701
733645
186948
884704
871288
132790
483937
60097
843579
200796
881697
129092
72981
309874
983938
863990
766196
498596
371371
64535
939053
222608
650566
442495
109655
263484
513906
923044
323010
891941
561160
362711
625586
748108
763768
13227
397250
764057
73324
240829
964854
955021
369921
554187
781247
870211
418177
547443
368807
789548
128331
307860
528508
295249
266707
638164
558733
296965
561208
398095
705258
122368
760807
330845
386828
40927
860424
784078
804984
933748
541259
769838
405121
427532
840378
186368
814095
258555
733812
699254
564456
378495
7114
92964
673744
790173
731128
748829
87139
808688
146924
792397
931056
424083
639594
834236
465010
500018
134666
269995
950118
675925
556185
355239
619809
396563
541608
433904
171471
791772
133158
252279
686619
656624
345243
360363
446798
592724
109192
50289
401412
772468
359038
848821
196552
514985
683057
177914
531355
334076
964261
481474
10001
520447
836713
629811
433362
894673
580067
121185
202797
713226
373464
889416
369850
235060
249779
333000
344136
875323
899641
261900
647792
258680
110721
360696
773665
310131
538610
305020
644207
502872
302846
170560
539671
139560
316723
489385
550585
896791
610571
753383
610017
500387
642799
496219
735447
892579
345572
79583
284254
245213
341484
932046
20245
968557
809094
310262
278688
347705
131635
439247
850577
434481
609808
906600
90393
926531
395985
640979
823322
6556
910714
949691
506944
553513
962263
758743
962444
824187
354679
246699
585752
212515
695097
605998
181072
504192
432612
976113
368249
564247
931712
735178
998729
541520
641778
605474
984404
37763
246453
324078
560672
157167
790122
583968
227033
268737
859063
189477
92924
213742
952528
678676
426257
163978
801026
123682
184522
233639
616147
552771
314238
547859
287949
312967
605732
446079
434794
590136
483842
681247
430566
560866
354767
220688
661186
98152
489425
520250
803981
98701
733992
756510
293730
676602
436840
94756
316636
621362
844747
932783
174133
158986
996994
462082
988305
602726
908161
423099
709214
908355
620699
139781
985574
491818
360469
646760
589970
366247
683362
910303
464948
933707
183165
758678
610309
620005
369787
926945
241367
730886
376080
415500
406224
373074
393934
394530
492153
818447
333981
201367
243155
471032
341148
228729
962850
217970
391841
69172
100569
75204
495828
565517
8911
678993
840548
135572
298999
726687
578869
540366
457573
471301
472219
863798
844375
382505
774680
336528
200953
625013
54248
444108
96046
911748
189189
575248
129718
97382
160773
746639
688938
656601
312157
214201
335594
669057
349773
634593
395744
444994
691312
853317
916295
679883
233467
277023
62388
8147
129903
779693
633161
184151
740153
729207
95900
929342
820807
741970
543077
981580
488610
232015
638181
317119
446217
490128
986176
312342
641073
898272
273689
848737
267941
706336
528620
501409
983359
591009
509556
113263
370702
659069
813766
627208
904628
909666
556550
725436
167989
615979
707016
656599
847995
861550
490070
810564
868030
476246
639258
509103
890870
429299
357841
158811
135636
402813
660220
118995
510174
686129
748610
397229
345198
562377
24437
249827
988395
97339
975263
156384
713319
198631
329335
77666
576533
819405
888230
444563
812003
43840
470019
702873
473140
344212
861685
608776
263377
38257
244123
773552
724386
992734
170781
69585
71463
711570
835764
59858
808909
811027
732595
522228
526010
61930
599894
618896
881336
4476
579811
693339
48317
566182
396213
37809
910394
774250
646585
173772
812507
890708
463676
536894
399794
150809
122831
987609
862379
958595
563820
187640
285974
296415
226221
328336
874697
342467
947232
756033
346944
43396
965725
911613
609578
878290
949422
36325
652540
112359
726449
981399
519419
190125
34645
435566
857286
157476
423175
719665
632423
503347
423657
434749
799762
649878
763086
674460
508698
226670
946845
371994
270066
912570
283607
879645
790860
749381
432322
959752
378092
158771
941152
897511
348896
492149
849429
206182
165978
272605
442199
798401
775952
865856
233151
92067
32087
512589
282879
540785
739259
229724
429131
525678
658647
712738
405323
449507
978471
353997
925612
356563
512768
383116
770426
861664
875265
619856
584198
41243
408813
542749
355997
701117
924957
589148
793184
957044
618089
592415
14181
357348
338492
443312
883026
997139
672402
804701
962998
167225
158698
888610
40140
671466
271726
326919
49482
663344
946775
150032
704587
871940
692781
576936
573057
617739
682436
882594
91135
300525
475009
621669
174226
813501
581333
57252
326992
770088
378306
289991
937313
53356
178601
493806
724823
966680
820725
290657
146376
283852
440690
367315
155792
649823
944252
245201
267562
626688
127795
358698
927214
119157
980367
101440
449010
561700
675044
776003
331788
569702
65994
785454
623059
760947
795612
864234
243979
616337
154891
390355
900189
111933
757671
572333
761757
218275
817534
545671
844963
461682
904369
288529
580839
401088
906321
29849
479141
97718
322204
327281
667420
904550
629087
290479
665498
424699
154713
425829
41036
825957
332537
457577
937890
606560
546262
215999
824835
880149
761671
669798
341831
182392
474680
922670
99833
897353
468871
578974
995071
791076
422607
178844
695626
51695
469323
877476
992746
140389
819658
550135
966346
152195
524064
904236
758755
70327
636588
583590
950476
398259
769740
292307
580651
760772
731329
680484
658126
716552
775810
169549
507628
198418
348393
719607
766465
334069
113435
759211
474458
933093
309346
440804
85288
349763
861392
360395
420090
497980
460337
886918
412591
230078
179225
509595
507202
426906
190079
681680
143458
482242
851230
167439
197012
715975
403398
479829
50044
516833
755392
524502
966279
581091
481658
51567
930854
343051
928315
350944
841031
388652
237862
769975
135082
933439
279570
642285
876697
986001
323965
20155
468243
691547
703946
181607
407523
107344
661436
457567
140530
416829
498422
106809
997920
980080
674728
928774
323131
603043
796070
680515
508048
550284
966842
643130
483723
246412
285415
360420
232413
125733
896927
217009
817280
117226
398616
224803
224570
60053
198723
881452
993234
213497
988261
507506
193577
662990
436280
33061
782385
748702
229928
290433
298986
196770
933564
782709
443182
735331
659481
191947
861064
72760
408956
678345
189986
323925
419500
930909
900330
134575
812361
893564
348072
800623
401070
58002
979965
353702
91063
762350
618756
837343
52784
917742
550465
986348
216803
993647
238031
392636
701946
99096
465396
627255
293793
655383
951180
229645
102644
851510
364221
915005
745074
228645
231980
662496
286647
211945
532550
894062
974296
151306
731405
543432
69048
281870
46132
285851
791869
284163
194839
10168
383259
660235
637423
193404
831970
588603
423050
934614
440113
303623
365972
701539
532268
597952
364035
818916
326250
896585
712978
300546
564243
960736
360330
149643
758958
406462
951846
67180
690625
146685
77348
590237
806920
714771
783641
638891
303374
206691
89857
743487
510314
455829
445026
558935
570134
325413
377851
896384
738350
607181
713282
302593
84269
73612
452236
843228
996426
920434
910408
687051
67119
987756
793640
874039
218879
577282
29282
522253
300325
635492
782092
326992
607673
743470
885927
177807
68883
263778
590543
323585
387311
303825
142530
471581
893789
111118
831161
890215
31552
257921
93619
98671
762029
887259
489062
980908
464541
518345
19513
281219
670189
801605
608211
277862
545075
494138
972022
130310
757916
562565
453895
661579
382743
596425
649512
276532
707543
480673
683100
739095
254946
776719
354118
16975
663978
843180
997883
644872
361525
17396
442443
31714
335353
50654
825929
396780
544792
797951
527090
819060
360516
980985
480639
743259
93762
646504
536144
317657
127177
219244
56752
382124
512315
410870
915451
176293
770403
429687
337517
131928
447083
779960
679995
298789
346966
505924
695569
891758
820227
222660
227170
697095
719997
707810
956707
330112
870666
492851
647769
514195
228447
220874
412671
740762
148096
328123
433407
918499
757810
287277
566780
721245
67237
763127
20034
930556
785403
231956
822314
605630
454616
49485
302725
690965
273647
259432
21077
144313
268635
185199
658508
497082
406073
71180
237844
70521
915655
187604
989021
673465
474881
72153
911062
58470
835280
931097
989026
620683
163053
811341
226313
134021
377178
45390
341338
167177
304823
878768
827842
573458
63967
2702
586893
986392
590234
341089
56913
505889
528693
562286
695706
3574
634439
606769
62045
986071
54218
51071
606754
733623
378764
833067
867644
755942
394810
725334
439471
699633
604102
267313
789443
668069
270016
376336
170813
860250
717426
744079
882492
762471
306365
578198
766046
457157
184967
828091
443228
755537
879162
566335
489160
257927
915754
873156
530221
310564
598491
486045
526549
202593
753358
315993
387015
539726
208681
557828
916329
442459
818259
798821
204931
124625
893371
970977
98134
78339
315420
57714
350228
710934
140401
839389
485213
56156
712545
15435
366720
827388
501480
893270
29982
771190
725615
933349
310917
450648
7529
743598
409460
825789
542419
614391
466766
435790
101720
81252
30481
933492
655318
380710
644426
795720
736451
129640
851876
448996
661427
734948
792737
679259
628218
339071
450449
870185
272420
277718
320834
796301
21316
730294
138442
80087
861037
605208
32230
479109
202812
579063
412601
858131
476125
57027
653851
212576
703019
505727
177925
364446
240675
970662
43705
385246
309733
10507
255431
98505
804577
92617
894806
342246
339263
33249
422333
200300
154809
970915
679409
357622
549979
608362
732105
26104
665390
385956
755033
368409
408035
449310
249208
648710
419972
809265
550308
246057
819772
322092
344562
140702
414709
755720
482948
753973
305321
905281
470625
976483
876197
150035
850457
942528
758397
582562
484984
940139
968518
240017
824901
376553
689327
74109
541615
625651
399726
91924
871708
219499
414016
732622
360201
345077
4695
843149
99050
826368
264782
569676
802851
657331
236063
653308
599859
510812
752222
84844
450952
720740
841213
792205
613645
530541
382666
155261
156192
782392
763537
544253
518243
177553
793227
394796
38982
797922
237945
654385
624291
19080
740413
943494
676411
976476
596803
792623
3640
349025
393819
970944
586118
235032
763149
199763
765573
145815
871376
438118
928208
634913
498723
962803
328818
291950
357600
367801
606225
111897
22186
230516
130977
762599
174010
323741
255427
287165
116364
259067
152543
26535
230012
255013
261567
509513
454776
543493
655329
326153
497963
99889
961066
996686
62692
289885
804988
420292
174038
411213
532190
196224
158081
179519
958823
848444
503260
730602
651961
135976
989669
804504
678863
219681
59517
940431
245547
30646
483924
900876
873151
498239
517117
350569
494925
579809
156806
816265
516454
330844
227479
564996
43420
901912
744515
2243
750356
764128
732845
402318
416456
238867
723174
95320
974900
299044
552103
220447
329690
552379
637675
719193
50618
154792
69762
545543
250954
742921
878160
767408
73765
105639
848756
633538
523904
109623
152133
274260
390103
401331
192930
806560
640198
916105
418232
615098
215149
486687
351898
61191
39066
989573
780384
89684
660718
366498
635227
911672
109419
29739
195432
699537
135379
44188
333075
175635
670163
485208
449895
60267
886539
642826
383179
43089
558931
801411
174540
290432
288098
526438
351623
327164
516011
132007
933200
693081
498505
84779
604753
124277
114518
800185
823814
249897
360725
673241
425532
30889
158449
391780
91156
561341
550958
474335
604430
109889
792098
778970
400321
596548
305408
268296
440064
337772
400303
373264
30853
415160
458043
151959
539437
572561
468496
363251
338811
829222
36492
280695
376463
711294
672475
983971
272635
223433
458306
393417
849674
766756
172388
766347
363304
994148
34643
319720
848272
951298
692984
879126
366459
667379
547437
905896
239940
15933
785500
95103
361507
338344
375799
737970
49638
564626
721941
838625
304412
696599
232043
670438
979707
404431
953138
859363
914931
987781
179083
763204
939080
388419
158682
821891
55798
706119
727787
812091
722052
29639
907194
599912
367984
799345
337882
933974
363972
576176
772600
184736
789127
4643
855174
768835
925426
808312
628198
840357
312446
323634
603561
767878
712053
762243
589769
284204
468362
833908
96295
706767
379900
519841
306679
747884
319187
160913
681858
199511
737089
970810
900599
42569
975453
272125
811404
900879
596790
439602
257589
909236
279588
861150
193466
991642
139746
299587
275846
124460
649847
888493
831227
29747
408334
654258
293983
243873
331524
492194
959736
584965
463004
860335
627534
954810
132461
438938
372041
729251
394893
629630
154839
674481
7133
348305
182475
146879
164244
458321
271339
814091
863166
618919
360191
271501
789529
654174
31726
121053
662720
991463
706019
125725
851798
849905
596887
500611
288844
968928
746214
200089
598559
901053
390922
605692
765710
573398
268923
929954
548071
540262
260398
411238
159181
620589
199091
948711
791115
230817
586116
453836
738632
808487
95913
106783
658393
692800
607394
947237
661728
353609
663678
776639
771014
54600
898683
536725
627998
167606
983031
692422
224221
759781
103660
383402
896722
819103
848465
687838
566272
950934
658026
304905
759421
270291
928040
417814
963091
535434
881403
141171
405395
545081
434163
176410
116034
332846
229487
260384
16805
212518
952806
241026
488652
572818
140780
385374
391921
505598
73212
474546
456532
247590
295803
732305
517881
223843
150120
997324
275629
547875
138496
681025
609309
89011
373787
725343
421857
603274
985727
955014
332144
454886
196040
820796
27704
853173
206171
935978
358771
795735
410524
815303
43326
222679
547608
77559
446522
214080
591236
238503
761956
729732
919528
887617
335095
809667
129312
273304
929293
115039
228319
261438
86277
940711
598586
113982
793884
804757
49960
152655
116845
976836
484310
676523
715867
31919
754082
162389
762351
345318
917244
40659
591402
353125
928276
442849
162792
57588
716154
92086
688980
944473
869876
775257
885184
468462
405591
195421
273220
971903
348076
906417
948739
832387
582940
664606
380658
853374
343347
143009
715045
260592
183669
822799
613717
628297
265649
292861
685886
981803
384947
891218
442628
254823
182827
844164
723286
588419
39585
512858
560322
387662
935627
25414
736401
518567
690020
117059
888293
549720
260068
603338
326664
960089
426138
456733
588387
691787
749594
790625
189942
650894
198195
632570
422069
381022
476734
661707
969441
32672
690917
529764
420334
626544
555178
156735
661463
761550
790146
549757
827622
566566
153095
154286
526656
95585
127371
631395
303724
393318
938372
493666
44212
136567
642588
982633
517589
635675
644341
3383
668347
851610
533147
88681
478155
604677
761768
655970
882579
551914
205727
710202
118480
358823
380840
161488
454408
508212
792883
758133
901530
731255
768151
462094
384174
410740
961079
901764
46415
605420
905147
714762
973383
954646
319795
451538
559323
597915
623860
958254
666181
829588
668456
301013
704763
565649
462502
159171
73861
771737
433656
491743
19345
718160
470189
403519
645252
431268
305283
691667
553041
726782
922781
526424
681428
758928
494314
757103
356843
118174
715358
539376
947762
900166
840389
652525
465815
302891
328049
56028
590981
278057
547771
610326
996217
17960
13845
157821
449229
835481
365840
2270
562263
288621
45046
760044
563901
539360
517147
437096
657534
748857
976472
121649
649024
816862
774174
631191
636105
618575
687220
743438
896633
234991
353764
409202
769304
883962
567024
734885
719443
932864
253507
281706
737838
298553
558102
301739
837913
591602
255188
11799
340459
231660
133448
505835
564874
423975
137027
717332
42550
824247
460770
455535
575590
330887
864738
344894
214849
948114
596131
450644
880978
849638
248702
135168
148191
806805
953260
502456
398407
208448
30608
255218
956460
164056
761054
37687
104383
414433
755019
146934
238680
732141
602469
330622
579380
983559
191869
310581
931673
788000
761225
329004
153991
9928
464172
818534
816733
933784
320991
731492
142232
867951
986710
615045
548359
747764
652732
652743
678549
924103
316029
433581
172596
918498
764204
751977
418410
472425
62558
866435
260425
340136
195439
414416
866416
175964
749303
683149
626100
70294
930993
768333
938245
917703
383378
2956
181820
552462
655699
860369
476565
971728
293951
649161
406579
574507
917490
824989
46932
496401
207776
823709
836537
403216
754478
702953
95532
503781
902454
721632
90427
833447
6317
545024
267502
906047
547980
965674
458509
203680
342396
451426
691760
152699
100588
98339
727206
534430
439680
290490
30831
647457
114199
867368
567025
385029
86673
662557
888810
989127
900541
979237
338926
906859
524261
122781
329258
588594
604807
304120
792274
947203
755546
484034
616254
372486
98726
859812
906917
538406
150302
937748
185863
780854
321469
269240
165883
408142
448149
571046
913622
348691
550283
768900
771902
590897
891681
101160
179491
496489
405280
488117
960044
677179
488503
576299
49665
587229
952463
956582
641988
102766
894331
344203
399972
732152
613444
565855
140294
61593
136901
53916
926636
203537
822817
698538
310786
230850
316051
6629
243691
237683
494746
720088
914862
499601
812739
480880
86831
765202
437462
728819
384320
848145
589374
784292
580297
202818
350148
236944
264412
3401
290860
191048
723290
630029
405939
34076
377232
238342
40705
137275
476025
51803
857363
907240
551405
670102
388120
154588
951657
341934
883407
335977
190080
472781
120270
286729
191952
986770
523673
972716
506523
330886
680116
229814
477267
86055
263890
370851
840749
820948
508127
316775
872751
881842
740367
424156
68297
644839
95096
19954
986773
978503
355931
693205
967637
992553
496287
675941
979323
536312
648657
485847
867198
328773
232013
860818
931181
495903
231669
771930
833203
256148
605057
705955
137991
345424
646463
206288
990263
741560
226242
493389
236415
98525
702946
720404
91079
199233
396345
586754
735546
561354
588953
119096
890128
820966
979914
821309
833222
727936
593239
666425
984084
714649
888732
122075
60073
51548
328363
566689
309460
70957
576430
62227
169483
279376
298984
776914
478610
695329
363668
730508
773036
468974
849604
663164
806292
345871
825
639514
73807
110416
822292
574243
825065
227376
696319
401491
795276
541034
968180
104736
611992
544610
683316
297827
340338
982300
74741
818948
193981
954761
65808
967017
423735
915413
146533
746380
777636
147358
385894
851443
257775
724538
942038
599192
951915
638357
683
747191
695744
968863
368280
824088
29825
567948
121915
370164
550248
713008
705464
260581
667769
771273
227599
607857
203038
890484
354237
980674
37843
256483
348469
811970
981022
290507
411162
449289
445217
411846
712832
140961
897061
597464
965049
443239
165412
603316
329755
232012
316324
35219
492594
500445
322844
236545
624654
525882
127029
495243
22908
164872
751727
887729
493194
249101
178237
904357
214742
139806
832555
443926
797119
245968
41391
762168
689207
723155
881836
18962
955168
198160
570534
964114
214957
893378
200659
839612
935613
844040
334855
474873
525265
602934
362603
18459
368387
57192
439168
583129
713350
271723
543408
510469
34044
101151
788989
239603
824306
670825
258566
295826
385337
345452
776292
600294
755182
493303
439906
207147
337344
291114
682021
862609
894048
560976
881068
778788
134520
836589
361917
364222
624664
905325
874691
658708
522828
663680
898312
347135
850857
673230
159313
236194
18682
935606
352840
290216
428909
309099
497364
766253
600213
695737
145214
10613
773065
542635
789401
423937
379224
667671
788159
3888
89348
662850
662597
612177
842882
77261
959312
693739
750491
634977
446285
285525
86935
799125
575741
515845
108224
589457
798450
224789
285194
460017
235403
574611
2652
541156
998548
898228
208827
786707
902116
298176
965909
81065
910353
808791
158326
386017
18882
425169
20994
981519
710694
107930
296997
802788
140127
921573
392245
454929
146363
193792
914946
898118
284755
917598
439274
283304
332178
648102
586363
234295
946278
552273
831712
372983
877416
506391
759000
412651
447912
296346
910522
158607
920628
207519
477747
577107
129093
386344
32037
791808
580136
946983
689926
864892
380934
645552
664548
713112
293654
250911
463759
756284
319536
811824
645619
713305
318215
404619
125956
766127
217318
36478
441086
654298
760350
918833
231406
405795
305178
779795
197603
401666
243130
403881
782910
624064
49433
447458
853529
859440
214722
833640
132076
534258
645464
777696
247563
963679
698667
889871
246159
915985
442702
203597
86636
203052
638783
834394
608847
943961
614189
322802
861979
857319
726683
161242
997736
292468
125052
851265
668260
339774
684905
800337
390385
330370
578033
637948
810401
276700
44172
572912
709038
486874
776510
312026
206278
415293
146420
815125
875606
276961
654279
253937
134280
380962
415179
132016
189782
540232
499633
858043
880006
700891
174732
786743
547613
752765
941044
358014
545817
985216
447279
771207
988442
223789
599585
194720
155434
746005
526197
31040
22966
180476
284977
673599
77790
700157
321967
267572
756741
821601
641967
153099
522492
816699
939843
70105
85816
880887
944471
631634
866103
908102
919193
854545
131891
518779
565617
287325
781136
91814
834717
804103
272290
119695
994054
350080
336204
316021
134004
609297
137622
775972
762396
176466
109023
702239
762923
194840
583126
223747
342826
965581
131849
262019
336478
780093
297150
902095
67418
78287
993909
418488
398742
782551
538183
392796
648983
390739
708817
782988
36
362792
75312
762432
539258
700687
981024
818534
895527
80502
42281
238353
46084
690482
16725
382562
470575
830227
801010
54346
908514
311271
472834
307256
93823
527369
700052
742806
918108
925222
42146
434496
288014
117458
713280
827272
334498
694304
645806
230025
291159
204439
984731
337243
894922
517808
236157
365497
348035
553519
936195
256550
864791
409029
80158
958614
452750
296563
217772
370858
221785
259919
321706
509799
893729
551339
853423
228227
761995
499230
458253
53154
220021
959336
390397
114943
477144
142907
996793
341531
696426
932988
114433
561217
858370
194592
36183
311120
7507
253956
198331
229292
30227
36389
255443
923956
587728
108866
152184
349724
124448
126789
402878
344470
602477
309628
975765
595973
968887
488910
937504
665313
421899
568290
742883
796621
279234
295418
107741
286741
65726
822424
32385
95953
858814
287828
19910
446542
396694
688446
796266
37495
331587
715497
898317
934064
25125
874082
46389
994012
362993
500245
175677
301244
68535
434912
97865
347769
246683
721958
634510
312409
544383
183247
408363
403197
471075
944625
366091
384122
149423
162358
421617
481010
394207
319934
931426
419332
710368
494167
929696
589713
994412
621725
890957
62948
572990
505174
410717
819673
743485
561580
648434
804220
744827
56797
723769
732255
517774
89860
116377
183549
768570
54346
180911
162777
890632
112337
98461
117352
122856
28157
707066
117269
166235
114375
180217
739225
135902
107286
558898
879387
185218
207332
683607
930046
780482
407376
178653
814608
13588
811382
998158
782159
865728
179069
944936
272712
807759
43398
390064
930615
587907
613482
564236
754142
727858
744453
9719
863760
368092
84969
259499
553310
808654
459458
483356
589136
866834
178361
920096
396774
989743
434606
178933
371823
613676
640222
160887
937787
683620
550952
384754
787879
680786
948991
542022
924996
209796
551741
788756
577888
636711
564607
131199
445365
24065
130907
550853
890899
309269
987301
804026
299012
421908
982959
670836
551936
623181
831723
489723
823153
899027
390829
127385
96166
339820
669407
21162
65969
737500
326271
643857
890563
890878
775056
852280
914944
905964
919485
322195
215233
906787
126221
30597
845047
625533
217785
396983
248714
565861
403058
588220
981240
793887
715605
77406
650060
901364
98569
716029
155216
941192
359886
562132
832070
651295
414412
747014
73611
850250
585562
805196
273389
711783
835793
118436
337316
569931
515419
102383
135792
918477
206955
117032
228716
438912
710791
395128
340276
325712
111157
11844
266904
987396
573976
98974
155043
988389
362341
228654
838639
947903
33850
112028
176038
869643
746816
29707
955926
262235
132090
91718
697064
855397
725103
442132
294309
435894
837261
150937
761606
464770
162781
544862
452166
736758
643836
607209
241499
522529
835863
596490
986784
386065
224870
162823
772061
971686
708882
727987
750273
840972
819706
447337
212721
61161
405821
507030
497055
243082
657967
775013
707853
337100
319875
676371
73858
480063
799933
315357
2593
152148
911847
989377
538214
136717
668552
310275
108403
377434
554614
375028
734758
374320
822365
947479
435481
744539
970861
448888
987621
145180
223901
211826
482281
543776
404550
72491
23840
204483
904201
542785
872983
816048
48514
411197
469118
717067
237824
93873
610853
792439
468902
861964
683111
807619
325795
634945
552158
296657
83833
56132
958189
824087
784310
956822
884215
188860
29314
424407
909695
933515
967192
299031
265915
15707
710228
251385
249126
464405
345259
376331
256844
814161
238295
456307
138132
564091
91252
690291
377100
691438
262775
851641
31877
47085
808464
916092
752298
354130
856852
178345
803997
824044
477376
69912
356103
703957
321298
121581
168362
182909
14265
941558
513422
252560
397865
651554
333003
5470
341845
226455
213260
604620
594449
761489
168058
402913
193933
436708
273395
50785
615053
77392
391182
92430
663656
747285
312739
501306
385219
481101
684215
399484
939011
197637
168396
853228
849192
17752
375050
707389
244207
588310
828362
355008
866151
996420
757921
60085
433128
31316
110870
564533
625060
502052
173315
288717
765690
486054
790023
150909
483507
474239
66745
422518
188228
235141
275747
37420
252893
650797
261162
13453
755460
89524
368461
137963
602296
642735
198048
551776
190403
825271
116309
815464
843675
805977
620533
609365
292031
926908
276626
291891
917499
343371
714409
105728
94865
506508
659500
864110
673658
920662
877563
945470
526538
762377
83433
128834
921464
281482
680610
111867
623105
313272
443683
466780
635601
64216
592498
443984
991125
869124
735875
908624
728848
966637
530704
340065
473145
190205
204175
663155
627219
598091
608625
153758
360468
692059
282592
798284
973541
479555
910151
112998
309179
870187
579778
944780
450755
172276
388764
441880
557753
640992
866857
802953
607629
913913
143018
597126
104118
347193
260282
247690
945284
868907
401448
822104
77318
684040
620388
567211
679947
46892
680209
989126
917079
259988
450258
367834
948616
839023
326067
506369
480015
709276
309322
603996
139541
968692
201122
760012
315886
977756
7702
777522
363016
409150
115979
440334
609542
252719
7546
289490
815963
204107
794968
249394
464095
245227
617229
929064
600602
459648
435433
596969
685276
261108
200965
824817
229800
918439
101181
62038
896196
108883
355913
259212
518033
471892
215898
643928
240963
739796
933418
56927
943904
728386
306321
407999
973613
439902
337063
90567
415902
288849
687536
617530
66309
888501
958700
812461
806941
59881
390852
219489
168765
746765
995053
203150
735009
210951
847078
492324
950748
296848
549251
894652
25235
371925
819003
515200
811827
672419
605768
744082
961268
809656
361612
543929
698158
320312
356390
21451
380194
263594
240940
65311
10359
235993
268461
261720
963296
631892
754045
914044
928740
819648
808696
470327
191573
144052
985528
519753
816471
107648
263835
294091
917304
625447
838020
131814
462112
710762
153265
842306
490709
910557
907617
501068
662902
692430
279141
626199
324322
33186
540243
769415
369186
865292
239742
560760
9344
741622
80513
342167
849270
860700
636258
282927
486147
990630
414741
948259
217744
84359
306917
708453
511268
730886
209522
174171
423317
5015
800370
263991
554553
340613
33406
923739
722257
789501
484499
247953
531123
81364
590120
896746
942064
226378
179673
944564
217008
110766
409175
434753
711477
716093
143206
222746
446979
869080
396917
386648
390447
197287
166992
945000
54252
716750
868740
292862
506251
869591
540815
37375
950956
130936
450473
409372
873666
630146
353936
607027
257264
763112
41780
485094
995557
701338
707840
958888
86771
621109
861889
993570
334748
28881
938571
905352
261983
323663
198214
768235
709606
739030
321962
176914
386318
772435
586287
259984
918933
456575
867011
692549
736039
425143
177643
731596
642834
885483
206837
245957
22944
68726
239527
357692
613959
694450
263045
875942
534465
977611
160529
244072
232993
998843
937338
619311
287630
523625
395648
722915
496553
779011
415465
232592
204155
593108
480541
363341
994944
687378
609298
534240
272456
365177
891933
886415
575980
671330
278709
110445
648941
439239
870869
881935
954434
808208
17598
242065
848185
413246
481332
344738
192258
896797
93683
912765
6258
90576
276106
517554
777954
401756
51794
50410
283285
943727
453177
859265
131409
731886
486063
296703
687477
356932
694990
641912
681492
712588
400329
529678
642187
881661
390768
350797
294811
803
263562
301069
91379
56020
818623
385685
974128
870417
952447
257413
330497
405624
116679
978258
653863
119094
274961
857692
476026
969951
15956
673871
682540
932637
719901
841079
814299
110669
191876
625462
627825
971790
926531
235556
27810
261506
621242
1938
648275
573689
259351
495124
495666
892382
473383
665881
11476
748344
523573
3855
234648
55882
677726
917188
988519
397627
274619
319170
24648
466495
944632
168825
438285
387515
404382
982447
649021
25624
984385
813649
115665
760088
308773
127683
168823
298508
309916
696651
563205
349842
700506
797853
405724
894584
715041
394243
808563
506012
713414
349564
972507
174398
518389
927144
561914
922771
909591
727287
464747
893976
540936
96765
170416
366062
224448
339239
664570
50717
35891
227775
400559
252749
25628
806283
663686
257021
716878
988601
763033
946644
338165
251892
121043
856555
179036
682957
295678
88627
410244
276778
498955
467533
373543
185724
833595
114343
41315
14517
165060
593558
242293
81971
362660
784273
888254
26346
557647
121485
14947
837032
68129
353113
88925
705524
726020
784313
388481
538050
389293
315078
814828
888248
782611
704723
590324
132558
819067
631640
147075
984127
741550
905720
66099
104210
206346
470705
130556
763993
108542
661856
601025
693024
531321
206302
398548
773693
990616
303382
828095
379909
134812
642924
784509
433775
347647
374834
82685
683066
522826
746112
183546
264376
651833
249645
368587
374531
236702
15495
654876
861597
193703
772253
554621
725024
978556
469521
15069
485524
289255
843165
865433
424067
486089
166294
857842
350088
57480
456879
549507
580306
202992
733053
361035
854825
499050
245974
745708
735752
777821
400584
113701
971525
689189
668322
212901
667745
654196
227971
669621
943451
71136
51406
367519
557225
217701
741713
423665
275181
198593
973172
371840
401585
706225
249227
772762
205275
495201
34822
457380
789374
951758
571081
760899
640947
755756
973801
308693
409952
201772
494666
869755
272908
546073
237274
346485
763774
495340
286502
555307
210285
776027
927147
128222
998604
692726
417336
720232
187927
452158
177612
977302
403916
265045
254553
44863
537153
744706
869908
463457
946478
364575
333213
735738
910648
86839
598575
190774
582179
401430
746081
308816
177457
189581
437038
176061
882307
370726
896293
586587
822884
590257
80241
743152
371655
334794
304368
908808
79501
174276
888618
542331
55203
221831
794422
482203
308670
392997
672977
407202
794427
935411
232370
488236
124992
669409
664298
523651
556487
76943
110238
895724
183553
706831
638876
555208
41626
943244
980368
637479
633873
868986
179810
689076
607169
974232
171280
915840
883582
360609
839394
194361
296020
71764
682598
937364
257525
863248
461016
814013
456543
87606
709737
640096
794438
864965
195304
352416
808210
692025
989895
958435
561011
686057
647511
684533
176642
335143
600373
576576
695753
956119
770937
508125
544235
969887
445490
801761
833135
422858
132126
806031
26816
358215
446127
337606
223180
641432
690022
547742
333457
196269
506177
410820
398679
670041
95353
575321
5184
212078
668249
217289
684549
439186
241767
228785
925426
203609
546898
274913
626467
195376
80944
169635
553591
527072
507242
293123
684856
713616
840866
18313
426238
863395
945485
824917
533436
557191
916590
54973
769269
584839
788614
970171
540377
30381
198956
465803
233990
745854
257069
376809
457582
338013
546445
11173
865085
570039
304296
549941
283655
661514
84606
709893
41262
546444
51162
91050
103635
967752
146023
389256
68943
450990
359427
609321
997723
74735
591476
748066
336941
848545
124875
794523
186559
187672
805696
567996
757711
626345
634290
557719
804211
235248
783964
845473
781692
835127
936524
401679
802879
598899
790936
388175
49889
666715
997496
47613
741451
105324
312031
78392
953870
436906
872916
656781
140931
194964
741129
414994
821309
375419
489065
625521
610668
273030
470994
908712
108157
923870
310392
427388
522770
617680
815563
89011
284395
329411
652976
25846
434736
965007
620591
904958
918266
9859
561739
59197
204823
302868
474191
26133
194640
963257
168006
321660
752639
155352
230372
860796
79223
57116
804536
118345
674796
136452
207356
959192
465863
860333
501390
416951
341692
638333
321909
259958
648192
400000
319155
853016
219221
309699
395501
413861
789308
79859
735521
541947
235211
965893
919095
830786
23010
723631
465483
214158
860083
672840
689702
842299
49525
707445
259250
391217
345778
97512
651176
993971
497512
486683
363339
716733
796382
758840
646946
102042
838699
382467
643989
590262
864713
563084
937401
404075
803068
402884
618233
179503
592076
307936
21802
157953
15381
281053
549171
877511
378565
716699
871482
392429
719734
751173
109163
32469
510013
756109
134511
865064
654929
778501
971679
35994
857937
909080
440069
661005
311964
574654
840509
420393
398942
378663
578346
930675
659716
643869
808187
554633
360568
196021
947063
596655
947195
572578
629124
973560
845039
763635
354977
499968
542136
326656
535962
916426
752088
492383
93783
580404
67038
450644
797
465980
829308
579144
396656
489024
223013
721195
560010
99934
917216
23425
696589
864411
596003
325713
354324
441042
605700
709301
457363
664189
35957
509677
580615
788045
2061
674398
368449
69099
125043
885599
51431
470703
464743
964439
959727
204108
685634
36089
820394
602851
59514
516983
983614
655517
359048
337938
612912
964749
47239
70275
628938
599548
96304
725905
903945
98365
916655
272395
683816
41698
674346
251600
512401
139089
216039
988481
859549
901674
540922
679944
20877
600437
713279
520843
772306
588680
858782
901570
69781
422373
488197
215071
21922
584502
940976
925867
682867
857631
714614
366684
415682
388960
618284
444435
44401
350675
949268
420303
768701
490191
616599
305930
606980
846230
826774
895638
951262
201908
797209
21043
624281
801758
236114
162555
386260
693442
604775
69128
67426
835741
952164
483108
741054
86800
443895
301807
953827
909516
722110
722529
916059
855061
28459
39391
701292
371585
935029
652554
573493
248590
189950
714127
50349
426064
876682
436609
635859
997809
22089
703285
833551
490605
702745
574605
93757
662992
876412
47585
572508
114875
286466
488567
969936
314925
527958
187580
202863
979340
840135
776356
744282
546437
490483
794631
488853
883518
747593
124712
881327
286034
344349
714878
776640
563446
805835
386749
226439
682248
434334
315299
313475
720800
320219
799763
552078
364529
987344
754941
860221
343831
47649
604504
890268
538133
399135
379121
938003
663080
20186
819330
949115
364535
534209
242107
444334
340044
628856
670773
538644
63191
502424
368471
300343
822643
168235
368773
703525
671931
640066
563746
15762
687716
168250
422382
742201
83738
317855
680204
746818
338041
499534
695933
218929
550095
938040
663263
406492
83249
850388
945136
146440
869164
313608
963135
208160
998195
331909
911685
670126
488327
991783
685888
176043
160034
624622
434596
760124
942477
114800
506942
796871
130687
719228
532152
197134
173620
711767
603626
256869
78507
65115
919661
947671
895075
882797
155831
893270
731058
583868
563396
219385
575652
765636
911781
252038
906610
346377
528514
849087
977530
35456
162310
624569
271036
694462
821703
961009
922581
425330
217878
1088
490445
137540
948760
385520
536689
620943
795142
784099
721164
358538
3484
813168
640526
431617
65206
547136
777995
593720
396223
271877
145528
74886
896446
932917
285700
718149
893926
208282
659831
111804
725722
666628
765696
674482
52148
818737
811778
847290
602836
532942
722180
122673
346110
362706
554290
927668
909842
848637
37740
822418
120514
699620
413656
16960
632537
699356
251462
42815
423990
911293
154620
149713
577922
436668
340547
146422
771758
668677
510065
374594
717971
748597
497267
64081
111304
567910
508101
537498
416547
62193
876268
537062
761814
289924
70374
910703
989281
838188
953519
929623
749482
624491
79336
843756
577511
936236
506530
349269
604913
532947
723864
322885
281545
737483
903318
909201
305393
927772
446699
238293
989965
322968
291707
268131
612892
362081
695187
118525
200270
648706
48149
466104
789549
643837
826212
883412
96425
332742
232682
217691
865690
472898
56928
147235
726733
960246
572788
548479
404370
19487
786772
394336
858807
78479
178819
988052
956912
874006
106577
157182
39064
671078
139638
828613
831268
965850
712026
927693
814945
461060
661736
680635
933958
718664
344222
177043
195263
917010
725522
599633
452849
512294
993969
311657
590773
689141
299709
64038
563147
922638
737572
602212
593717
877211
947177
941337
359413
175555
385382
174358
636615
47119
371345
86925
765783
231919
263969
961046
665281
505843
560680
118131
18138
71001
946140
125263
760142
245849
189301
839642
684839
926874
441854
794908
320437
905383
736245
679850
80939
121628
370561
233906
168747
741906
837184
934530
490178
617505
411929
155459
123348
972609
273590
141486
559962
736082
783102
836457
498283
972403
676099
183123
415629
117953
978031
252418
539688
714277
932269
620627
352257
819182
370886
521004
77440
208070
971886
567618
341927
900167
723078
465275
389128
513020
123114
949091
765455
906216
785548
263738
394971
461647
446861
326953
95952
941245
579371
635640
171874
27992
772620
524131
847174
143506
561487
924615
867928
49725
8585
726207
949893
731663
191482
339021
761036
314596
288112
526491
737164
590012
790229
648488
568011
753443
975441
663963
211040
71164
815956
382914
99157
588576
423397
462683
248434
984884
387298
632714
34609
395884
358921
500854
643899
66755
839876
921287
897704
644340
964130
151220
234353
270712
799708
802364
24155
775149
982680
751547
846314
314988
134461
461823
419916
557858
924506
668350
59094
828157
817416
93703
740393
692689
110910
384292
275796
950786
821932
173500
595126
786062
324721
345831
56774
124429
664548
597281
415931
163580
348828
778597
478568
483289
756772
898484
557499
681278
83186
616593
509435
416954
226649
