397104
460136
869133
785137
145138
720862
869186
331244
533924
803369
753755
903550
268695
723651
474221
713064
8234
730312
371984
533611
288171
165849
597678
970117
888776
711307
919942
71000
61575
326669
160690
975031
786805
29824
276521
448295
750686
145707
295891
800962
465428
49646
220865
250476
289650
695086
963540
297884
941750
851877
347847
746274
17726
945526
232743
422855
173185
152685
493855
234760
995706
654546
209792
298863
200722
486313
747158
467760
148372
43050
268723
130152
609048
5940
380628
415050
701026
344169
712934
159128
712398
577134
905402
246476
39012
138145
669331
212197
807183
163187
963309
319241
334085
689453
618105
534807
692118
365263
518919
356842
