21467
295438
623496
586927
583375
194538
550016
35510
758524
700312
507295
194603
630810
54405
91332
31877
785177
106310
551115
231919
686788
469583
665739
20150
490870
377621
89210
13760
518470
977325
195534
539937
789115
819030
643217
372490
529920
193233
924352
804797
409898
431648
999400
40708
2405
90732
588937
303935
197042
656404
535854
400183
642339
717946
420333
649561
611919
25895
663321
130389
3220
858855
186679
792335
194237
829896
681178
724158
23129
605530
528955
433027
37178
528355
990087
555936
135439
579025
859871
848833
751781
395725
249016
394121
630023
185701
43682
241943
211597
707004
372332
731169
82211
75363
523505
276449
905259
721035
607
444741
