21467
295438
623496
586927
583375
194538
550016
35510
758524
700312
507295
194603
630810
54405
91332
31877
785177
106310
551115
231919
686788
469583
665739
20150
490870
377621
89210
13760
518470
977325
195534
539937
789115
819030
643217
372490
529920
193233
924352
804797
409898
431648
999400
40708
2405
90732
588937
303935
197042
656404
535854
400183
642339
717946
420333
649561
611919
25895
663321
130389
3220
858855
186679
792335
194237
829896
681178
724158
23129
605530
528955
433027
37178
528355
990087
555936
135439
579025
859871
848833
751781
395725
249016
394121
630023
185701
43682
241943
211597
707004
372332
731169
82211
75363
523505
276449
905259
721035
607
444741
326565
529562
394120
880096
574269
384208
436032
709708
479585
295903
558541
747718
207980
323910
141839
838004
509611
185522
79947
721208
408878
968631
452378
491089
43995
492235
283890
465606
213270
284497
426699
539835
330411
820820
936283
421032
721380
372315
647092
717317
668218
721986
465035
876199
45896
123227
230555
555507
308749
310502
276716
233979
795485
245446
241420
355832
254033
525311
337791
983655
326160
764490
39842
656572
101662
976126
593956
339394
348441
241049
573063
16660
963035
38099
409211
8931
161326
156118
564438
986427
466620
357506
220406
778457
119304
461826
134290
373337
503489
472081
356992
829650
752923
396835
2574
854586
372961
596530
710332
721402
837579
283396
254414
316966
321495
179977
325897
999173
336095
406688
985600
319067
280546
722358
97525
399851
700536
231815
773188
204026
220248
646533
33676
973171
43368
552602
344109
416329
149132
54442
654083
503064
337838
424850
820030
659333
121179
662280
174858
457275
585320
676810
292694
865866
915520
390219
782069
616056
138386
71610
336434
358634
718143
886462
331806
761511
439064
675915
694192
588197
246709
864627
91261
584547
289477
427643
760232
410657
606275
935090
384284
191595
611900
676978
573814
43772
583550
355883
659829
721936
427493
996263
80571
145636
882726
928729
423499
321790
120996
634043
426339
367706
498671
33952
952253
304500
461596
712486
231509
584223
163928
615793
775819
292181
809124
865985
335953
392674
221868
512134
114610
165714
508398
711533
311350
907476
640262
251202
745618
277611
885245
171958
645317
900268
722262
113922
204769
700210
342760
436278
284434
506689
568424
60253
315222
893900
926238
167527
286574
664458
679662
917536
830172
704412
629070
657875
611888
785684
909077
873858
63295
310674
562168
708612
210943
284431
338887
932064
984641
681647
884694
269075
704688
453118
845680
19910
863370
288270
187438
149944
469081
867100
67481
815605
87864
212903
473480
216104
998587
898909
89962
61883
725936
652131
286847
936879
452914
625734
385295
953907
307382
269989
222983
12070
239460
585015
548333
102830
389638
252123
769127
858719
635575
352960
674324
723439
565863
664157
939543
80802
563066
545857
142685
805354
714340
945885
742233
167254
571619
643880
121162
395353
913870
860497
923776
669682
961864
988461
772512
351502
240584
541639
726573
876159
410951
400898
115950
493166
581407
571845
573969
660825
117702
233006
466180
832043
178891
724765
515649
266863
368646
636811
178568
282516
13660
102344
468550
975525
607157
241062
843379
847741
299054
569953
240252
710005
487203
356202
719524
68610
928047
293493
729435
562102
526499
195615
394145
221743
436733
909794
488606
805379
62958
183526
604247
76618
285871
72797
568495
893028
830211
411875
257122
129265
981828
497374
355623
985383
369929
75147
53993
814328
884992
299780
376430
411491
11748
286927
149586
448481
713074
154544
253860
776032
338071
374459
852650
140294
447256
937498
549674
793819
349373
806796
923085
847553
820523
795060
832936
706804
386559
403281
37484
271551
703061
413915
683042
231161
217194
832629
679642
930268
987173
449854
706300
841596
824313
75303
981890
787921
529153
531565
581741
878526
854713
21178
242431
675236
332590
75367
898392
719149
478648
935877
990700
698061
866144
190094
929223
83338
539075
125217
529959
526249
91424
752611
884197
915737
827914
866088
220011
357067
397653
318104
751945
252366
855634
994376
443955
188224
586095
342347
907373
581095
794576
414425
279157
660720
604519
724732
260411
143595
366301
790370
186196
457725
542981
70393
889815
887248
936481
626178
760667
850486
944282
512613
619205
316268
23341
63160
504492
609437
921859
928217
190532
716436
342642
986041
377156
947161
227125
153919
90756
593427
944289
793304
567504
487271
863698
457319
374519
316531
83497
651538
167018
544131
680503
302575
860399
703845
365735
364891
313282
803946
293108
20166
36734
152102
522560
930243
99264
749685
84162
706372
859464
28452
499677
943321
32075
879727
400640
406594
196258
490
574484
879628
60973
254988
182203
921373
958833
64290
802616
788467
868237
612077
324985
904971
764179
847545
835214
863443
113583
919377
86168
489399
947829
585845
949072
979904
465572
349713
902850
661830
866555
993686
57811
927528
248674
240014
365253
723859
304305
167870
512326
172542
296299
353664
593865
60478
717561
429080
440274
831144
864809
42794
836896
328990
628639
785968
825246
610563
652033
244448
272393
34940
238134
846556
478821
3161
86571
844074
727020
390876
528296
239347
79770
824595
109363
189987
401426
826924
135419
358052
174421
228
400846
11317
845570
545837
313637
670816
156400
482023
431616
945145
516963
669751
791702
995784
672912
878273
839859
916284
785501
884507
155631
381623
225455
781346
571610
626881
608271
707030
501285
782692
223610
418483
310361
69181
964320
623998
256349
637072
106021
687966
582217
622985
874069
373919
135121
63333
768544
974980
979617
70397
375840
651601
452020
601295
432947
539983
744528
557570
763365
245813
340262
986975
180648
650623
572508
144968
790974
345210
298392
896995
549528
880609
36332
939949
770881
171454
3282
55777
662786
499251
126175
38626
667204
94547
156273
616504
634530
900801
174074
397895
146614
514337
901223
327262
681312
990083
988582
472286
335293
286974
369282
884821
683936
921966
341122
454817
609772
344404
510594
272559
360008
153121
827537
27212
247669
983811
160068
398551
884612
334143
312799
547579
848480
214022
391193
46144
720457
896128
518431
55751
699454
404065
456924
383390
326031
798047
354559
935804
658803
381506
724715
535163
534627
552252
78728
298648
52415
238796
697200
937028
572939
9999
959
937771
740373
392152
983916
460830
288280
502347
32933
987735
906412
6210
887477
748795
804257
242037
684599
979412
623543
409314
514576
674522
477919
109656
973171
530334
348452
186723
983714
921392
196722
984673
859163
453447
893178
359431
430629
697810
861778
463563
685545
284542
469773
89375
33338
790382
331412
234289
769794
471307
643604
800722
145829
121523
910378
635352
168209
258831
822075
668276
696575
535149
652949
72090
504948
62479
431522
935578
760290
809652
399141
445835
94195
385266
51562
643885
175648
382974
878174
461794
370633
38130
778869
32815
676005
205599
668167
844215
980782
6595
512491
677357
