21467
295438
623496
586927
583375
194538
550016
35510
758524
700312
507295
194603
630810
54405
91332
31877
785177
106310
551115
231919
686788
469583
665739
20150
490870
377621
89210
13760
518470
977325
195534
539937
789115
819030
643217
372490
529920
193233
924352
804797
409898
431648
999400
40708
2405
90732
588937
303935
197042
656404
535854
400183
642339
717946
420333
649561
611919
25895
663321
130389
3220
858855
186679
792335
194237
829896
681178
724158
23129
605530
528955
433027
37178
528355
990087
555936
135439
579025
859871
848833
751781
395725
249016
394121
630023
185701
43682
241943
211597
707004
372332
731169
82211
75363
523505
276449
905259
721035
607
444741
326565
529562
394120
880096
574269
384208
436032
709708
479585
295903
558541
747718
207980
323910
141839
838004
509611
185522
79947
721208
408878
968631
452378
491089
43995
492235
283890
465606
213270
284497
426699
539835
330411
820820
936283
421032
721380
372315
647092
717317
668218
721986
465035
876199
45896
123227
230555
555507
308749
310502
276716
233979
795485
245446
241420
355832
254033
525311
337791
983655
326160
764490
39842
656572
101662
976126
593956
339394
348441
241049
573063
16660
963035
38099
409211
8931
161326
156118
564438
986427
466620
357506
220406
778457
119304
461826
134290
373337
503489
472081
356992
829650
752923
396835
2574
854586
372961
596530
710332
721402
837579
283396
254414
316966
321495
179977
325897
999173
336095
406688
985600
319067
280546
722358
97525
399851
700536
231815
773188
204026
220248
646533
33676
973171
43368
552602
344109
416329
149132
54442
654083
503064
337838
424850
820030
659333
121179
662280
174858
457275
585320
676810
292694
865866
915520
390219
782069
616056
138386
71610
336434
358634
718143
886462
331806
761511
439064
675915
694192
588197
246709
864627
91261
584547
289477
427643
760232
410657
606275
935090
384284
191595
611900
676978
573814
43772
583550
355883
659829
721936
427493
996263
80571
145636
882726
928729
423499
321790
120996
634043
426339
367706
498671
33952
952253
304500
461596
712486
231509
584223
163928
615793
775819
292181
809124
865985
335953
392674
221868
512134
114610
165714
508398
711533
311350
907476
640262
251202
745618
277611
885245
171958
645317
900268
722262
113922
204769
700210
342760
436278
284434
506689
568424
60253
315222
893900
926238
167527
286574
664458
679662
917536
830172
704412
629070
657875
611888
785684
909077
873858
63295
310674
562168
708612
210943
284431
338887
932064
984641
681647
884694
269075
704688
453118
845680
19910
863370
288270
187438
149944
469081
867100
67481
815605
87864
212903
473480
216104
998587
898909
89962
61883
725936
652131
286847
936879
452914
625734
385295
953907
307382
269989
222983
12070
239460
585015
548333
102830
389638
252123
769127
858719
635575
352960
674324
723439
565863
664157
939543
80802
563066
545857
142685
805354
714340
945885
742233
167254
571619
643880
121162
395353
913870
860497
923776
669682
961864
988461
772512
351502
240584
541639
726573
876159
410951
400898
115950
493166
581407
571845
573969
660825
117702
233006
466180
832043
178891
724765
515649
266863
368646
636811
178568
282516
13660
102344
468550
975525
607157
241062
843379
847741
299054
569953
240252
710005
487203
356202
719524
68610
928047
293493
729435
562102
526499
195615
394145
221743
436733
909794
488606
805379
62958
183526
604247
76618
285871
72797
568495
893028
830211
411875
257122
129265
981828
497374
355623
985383
369929
75147
53993
814328
884992
299780
376430
411491
11748
286927
149586
448481
713074
154544
253860
776032
338071
374459
852650
140294
447256
937498
549674
793819
349373
806796
923085
847553
820523
795060
832936
706804
386559
403281
37484
271551
703061
413915
683042
231161
217194
832629
679642
930268
987173
449854
706300
841596
824313
75303
981890
787921
529153
531565
581741
878526
854713
21178
242431
675236
332590
75367
898392
719149
478648
935877
990700
698061
866144
190094
929223
83338
539075
125217
529959
526249
91424
752611
884197
915737
827914
866088
220011
357067
397653
318104
751945
252366
855634
994376
443955
188224
586095
342347
907373
581095
794576
414425
279157
660720
604519
724732
260411
143595
366301
790370
186196
457725
542981
70393
889815
887248
936481
626178
760667
850486
944282
512613
619205
316268
23341
63160
504492
609437
921859
928217
190532
716436
342642
986041
377156
947161
227125
153919
90756
593427
944289
793304
567504
487271
863698
457319
374519
316531
83497
651538
167018
544131
680503
302575
860399
703845
365735
364891
313282
803946
293108
20166
36734
152102
522560
930243
99264
749685
84162
706372
859464
28452
499677
943321
32075
879727
400640
406594
196258
490
574484
879628
60973
254988
182203
921373
958833
64290
802616
788467
868237
612077
324985
904971
764179
847545
835214
863443
113583
919377
86168
489399
947829
585845
949072
979904
465572
349713
902850
661830
866555
993686
57811
927528
248674
240014
365253
723859
304305
167870
512326
172542
296299
353664
593865
60478
717561
429080
440274
831144
864809
42794
836896
328990
628639
785968
825246
610563
652033
244448
272393
34940
238134
846556
478821
3161
86571
844074
727020
390876
528296
239347
79770
824595
109363
189987
401426
826924
135419
358052
174421
228
400846
11317
845570
545837
313637
670816
156400
482023
431616
945145
516963
669751
791702
995784
672912
878273
839859
916284
785501
884507
155631
381623
225455
781346
571610
626881
608271
707030
501285
782692
223610
418483
310361
69181
964320
623998
256349
637072
106021
687966
582217
622985
874069
373919
135121
63333
768544
974980
979617
70397
375840
651601
452020
601295
432947
539983
744528
557570
763365
245813
340262
986975
180648
650623
572508
144968
790974
345210
298392
896995
549528
880609
36332
939949
770881
171454
3282
55777
662786
499251
126175
38626
667204
94547
156273
616504
634530
900801
174074
397895
146614
514337
901223
327262
681312
990083
988582
472286
335293
286974
369282
884821
683936
921966
341122
454817
609772
344404
510594
272559
360008
153121
827537
27212
247669
983811
160068
398551
884612
334143
312799
547579
848480
214022
391193
46144
720457
896128
518431
55751
699454
404065
456924
383390
326031
798047
354559
935804
658803
381506
724715
535163
534627
552252
78728
298648
52415
238796
697200
937028
572939
9999
959
937771
740373
392152
983916
460830
288280
502347
32933
987735
906412
6210
887477
748795
804257
242037
684599
979412
623543
409314
514576
674522
477919
109656
973171
530334
348452
186723
983714
921392
196722
984673
859163
453447
893178
359431
430629
697810
861778
463563
685545
284542
469773
89375
33338
790382
331412
234289
769794
471307
643604
800722
145829
121523
910378
635352
168209
258831
822075
668276
696575
535149
652949
72090
504948
62479
431522
935578
760290
809652
399141
445835
94195
385266
51562
643885
175648
382974
878174
461794
370633
38130
778869
32815
676005
205599
668167
844215
980782
6595
512491
677357
58096
681792
265800
563045
744272
697322
14975
504562
23326
930468
466749
633873
315734
518312
277758
7734
417638
155933
469528
788272
194063
764749
821087
870069
970349
5606
230636
951131
528553
259479
144841
586650
941271
410641
666047
685543
624315
681022
706457
647641
127842
173207
281515
443576
207871
75625
451310
625509
747910
437190
930133
458326
201940
267572
328395
688641
789531
75383
156124
318084
334862
300965
421086
792485
227958
603485
994381
368625
800859
700838
532619
928701
390397
330486
372277
598268
406111
339939
740130
154022
777130
186615
128700
495422
454188
973447
700415
243719
48830
856539
78155
900044
673857
499242
692529
418167
102727
686910
303145
903587
387749
835764
348640
294498
166250
720918
409119
88713
60857
149249
759087
354339
852216
887787
366113
306404
861234
582880
66475
426416
955772
144631
326460
629629
160225
18990
564148
779304
222252
867293
199243
610001
703057
547884
904500
385659
268802
829971
990725
846011
979220
266164
716703
831436
153952
599168
654193
531538
182049
720668
957955
137821
381651
800767
283802
541876
336109
847950
321181
558362
231596
520424
168363
934653
68308
589215
836665
853462
419186
343742
215826
914758
609906
932529
262547
280210
531697
433092
328101
230098
153760
802408
367919
51764
603175
168073
593640
939285
16024
431173
497647
247620
467950
182362
698625
52610
287930
51642
422425
223468
395384
638251
654579
521643
570780
917126
801853
618829
350218
129954
848928
20330
932362
733199
72094
51890
901273
182087
991175
433649
129612
5174
197621
113914
703888
412598
166525
991818
464241
105302
215287
375977
743553
386218
897620
830685
303344
215826
449514
169914
862132
814794
706596
310847
64346
295043
362737
481971
477130
870264
431972
123094
391790
629593
237009
95678
42191
919886
87497
22784
25188
819136
915114
285093
205354
812734
115778
25050
544912
81644
194964
407045
412791
901560
717892
477137
196603
596981
475460
190085
467245
907432
829532
859035
537025
66541
954713
95568
502779
558562
634705
44319
377698
549819
329412
99404
878905
961542
124454
423818
43186
835770
347215
455977
253683
65107
449466
966638
178440
924926
156724
162037
348710
502608
537424
402087
85501
8489
497656
588280
567052
648713
632599
461102
198532
478363
560507
593789
439905
684961
17607
483091
520732
881174
455421
290767
462633
421239
257405
641073
862518
930481
803110
211228
433089
340534
613316
518590
865376
627324
106870
432428
276037
255821
893530
990921
734184
970389
584710
690441
171703
602318
689885
208787
999844
661658
499554
462478
82897
756959
103551
945415
687441
423014
156644
120530
279900
286312
639121
145276
913636
262343
577704
189673
518165
987587
180594
768701
957976
765304
975495
129679
883974
665380
338466
883819
327038
838020
346297
409935
111332
966200
871703
798773
389214
544699
919303
669115
831011
74776
814391
744647
337120
908448
934320
855285
896035
631266
140338
370363
912922
115833
16395
796897
781213
354861
197068
624603
709234
543365
550891
820566
509565
422594
135691
415132
967293
54994
84247
314656
129771
898638
59303
983243
323438
509975
838528
219473
657593
495218
589837
570515
611052
606232
367412
908617
477445
564480
533221
703031
624197
84112
39949
650115
23058
175640
65247
506703
746987
665846
821359
393110
564484
880662
376353
404275
906989
731233
623748
564582
226451
729937
135097
353855
852521
502510
262473
846319
583342
312046
549350
723892
912510
105652
374007
935568
281292
955606
442271
28279
621452
263630
937741
702288
660644
314094
106563
567633
45327
246664
132215
788131
976601
267312
141986
345475
286174
920811
191794
385869
232857
257496
626113
661719
363148
516472
597287
644441
472078
555910
189072
609882
819540
126814
312170
480184
957260
935086
564169
518940
181750
696384
823423
674703
480049
965409
20178
282575
402573
211972
184796
151782
469469
810909
813502
348969
327381
410789
993410
315811
966700
698835
925693
302592
342001
754216
299129
299261
689302
863298
334553
387404
76035
157976
62107
72436
639738
82286
871363
558663
810610
56160
710445
796431
383421
523947
145401
227155
451089
655163
542966
417789
353998
985012
236733
695999
255580
535862
511613
944882
915513
362518
848638
991548
36847
910745
63984
676585
509383
935347
235248
836346
507859
462045
149129
891281
985993
294530
118436
437082
466046
177754
371223
820044
679118
124308
32396
934698
660171
60361
395932
575684
939231
244570
83584
976078
671668
663920
169015
697403
599267
404263
533749
623479
382661
199231
31112
368654
10113
665900
322088
476159
843654
209663
812556
39125
333971
844952
973823
994142
421665
369756
86178
360896
614326
169762
336975
802346
833682
22342
499750
949302
942958
549851
89133
325619
749082
120245
694273
759196
786145
532713
235355
146151
742376
564263
185276
76347
409215
159100
70490
347232
528856
673020
224481
659534
359135
77808
978233
192817
100150
477983
658471
43108
544186
747604
368727
809621
384201
579352
568817
170346
112065
320524
316498
854441
884788
18126
930789
810355
177226
517631
673940
222434
707003
898421
398321
66138
976229
376554
775308
592731
370889
433779
635840
915075
697736
520919
724696
81937
100272
809865
768636
728689
646742
601486
583131
47882
619612
30272
858237
796839
64255
48529
535625
771258
946950
450298
837397
439531
826852
129057
32263
714093
562836
668103
145521
776924
189022
386569
858862
805646
712787
143850
534336
359529
745336
633819
407411
364948
180443
782000
678139
244698
830530
730117
532308
293832
180415
886057
733364
523620
15114
765627
237713
94303
950082
383234
871227
655456
286156
246441
461103
998943
906643
511791
874824
651979
145610
282235
533280
326053
580587
211419
87103
411117
457888
135763
704950
638304
538173
954666
161924
553287
720293
399637
163942
186727
299224
551522
842183
101732
314315
303286
100675
220959
815077
975499
872938
477039
774086
922570
319444
354673
133990
406547
282143
591878
58663
503445
746534
596836
458111
908458
666475
694756
824448
346770
881483
640024
898292
723666
741756
212607
543305
358783
433566
358382
850634
822857
351774
624720
745427
671218
979393
395769
594118
777888
504000
652781
281333
250534
765969
255796
675345
432444
950552
16145
779214
348387
656169
193858
72054
914277
406466
131711
273060
356384
6445
123694
695593
358219
264766
441021
29438
760511
353142
623556
538400
857142
792689
336085
624029
558658
108234
299374
991102
575138
831871
286669
923526
488040
480527
511932
918669
403345
643643
708081
759730
650088
348127
455323
8308
612893
412696
554098
373404
765839
177654
428156
622981
970343
280594
763362
45353
388828
62736
36455
963966
410959
839476
887492
898999
320004
915776
334020
723349
559419
42101
999431
725860
906580
454755
250520
519473
867451
804618
409230
633290
498624
353738
772624
985319
634332
535986
30672
539512
115075
583479
503479
526034
422956
907323
941386
259312
339452
275406
982661
415223
833860
982093
141083
740440
953200
391603
776266
337003
712573
701848
970294
211197
571938
259270
196516
722623
311608
743540
262135
426683
327020
281966
469070
266328
705642
410456
525640
45094
202214
508301
976669
552426
6746
117753
809219
476298
25708
101837
813302
254634
803685
299948
465831
891975
559218
178700
614598
870826
438592
876734
813862
765612
675052
799284
31940
897046
726092
557580
942140
444658
582234
435162
997085
105332
552915
806304
97983
94975
424493
911285
349609
228178
211233
331793
120153
286803
510493
251104
673981
949085
644190
4195
231050
319242
803479
779342
216289
529571
336923
674781
974230
435509
109943
487667
57193
179210
810323
155176
274186
234816
582813
140147
979346
310398
471940
615851
597201
498785
866955
787535
964223
511145
791730
195273
346740
111562
974615
563029
157485
827890
754162
131715
779751
380458
135734
353297
559668
946057
508473
350206
180873
607639
6706
676571
918037
994998
292423
515239
493784
159378
819126
458007
670524
610856
169632
533616
238770
660599
96645
396256
4842
367159
44323
784593
263969
180058
654242
823638
642467
679068
690196
339693
286707
213254
16264
204744
208253
308687
236335
702037
468066
55461
676396
654942
666318
846028
188558
905088
22979
801555
817696
27821
685066
862020
328767
949036
42078
983009
289026
684545
662077
495574
24238
948784
708829
556855
153529
917082
865542
389864
135471
849960
445326
328219
504902
627996
690599
209812
49436
713578
527719
867133
741400
212786
245505
70167
161822
287583
53176
967200
488480
715254
462774
29071
180390
171603
585926
333919
605037
451468
240136
256860
817781
201814
585079
839035
346162
275678
48848
911950
989257
92919
295435
247009
305705
540940
317176
983879
344875
886704
951079
833356
601958
413854
378779
298701
101809
964705
632620
223199
932525
389108
480059
266658
590922
65139
105694
937084
857169
670894
365387
846426
763813
660822
93435
585871
201763
926963
86102
546638
813668
553534
896346
931978
483740
275125
230679
585549
756182
379652
808748
205060
768760
805160
471718
876035
870299
93764
813119
727468
764658
694858
90247
528472
355681
700034
630695
557444
626998
716797
620434
440666
270331
516781
888996
754071
308258
119676
855973
580793
15680
181073
302205
784440
986233
290275
660475
372884
384040
989947
616705
148698
684805
223304
193522
40486
923338
340569
114282
550336
57367
734717
507354
844050
767850
396351
114474
592460
32379
486799
689605
48059
667872
991810
348851
170458
798438
525679
543342
182478
515626
676399
847528
716783
899703
41051
273622
823042
897972
387904
889730
955339
638973
913437
315742
923175
826140
946568
31988
858519
433367
721593
422930
101239
229756
288133
788049
28194
813812
331392
727024
329438
524143
574552
562574
423847
131955
836196
763241
29928
740452
169323
501619
379426
82760
817361
818953
908900
280281
850941
283771
713648
88887
223053
331240
318643
511187
119289
863189
324999
967033
590213
170790
7529
681117
249716
431376
813073
85912
710969
843001
826364
880292
344620
722142
479405
678334
541096
904657
958615
908389
188429
188616
997276
927834
519856
832271
439021
155497
695460
280373
638883
802025
967515
646412
483143
217231
594140
296216
819495
821461
655569
645859
701753
189
368002
697510
194875
425450
602168
153491
333839
306949
858459
331116
234783
378315
163387
190157
50164
375200
470530
205399
693577
954397
851811
693072
687980
445951
989288
507475
267412
644857
153334
485518
161399
37688
699380
356274
463138
301548
26117
796978
124849
884576
644446
359633
779243
324185
66142
345760
215737
536672
551159
909315
7421
402971
602387
695401
365274
108028
202876
149039
269237
872562
150909
946988
910251
850289
303263
889741
668190
845732
203071
309391
730309
847517
669024
25904
688055
251518
371664
420144
788190
922824
329459
311963
325795
448199
7364
207421
72579
726592
872812
858168
599155
23721
805157
25758
390363
624772
915499
574905
470504
634923
884296
717165
998792
69673
743070
686847
321191
114734
106992
625734
37558
952803
937697
879705
917354
461414
603479
506285
704358
476291
364454
303513
16365
685963
845623
406728
827087
277475
981633
297591
912398
382281
531109
911190
451954
790531
114390
289498
905265
737734
915232
459176
206889
369281
855233
640596
830695
458712
146881
535054
451356
27687
354919
467721
230002
716895
390801
57089
994370
888786
871033
423120
271067
402142
850662
239374
192673
965052
528872
614290
219138
960456
73466
942380
329737
445052
582976
676785
420116
246209
728191
871472
273897
599462
855545
503899
316357
246346
560989
827079
651484
432022
250199
438904
350516
100862
678278
543189
582266
723502
673831
801405
683958
747298
743785
530047
192350
843113
723184
612466
89322
451375
291
363219
50838
855836
383471
883547
618535
944460
710627
270019
892834
960826
225275
243350
578040
903553
302891
160307
143407
976722
478064
343717
240372
221849
390117
949074
64962
113301
77893
670636
564677
594536
33856
131867
450372
417327
15414
585259
878139
242393
371631
287325
203220
596906
47027
297612
16812
349918
457919
676571
842992
935983
20289
599717
674184
410406
548791
255498
523707
143036
926135
604736
737572
959991
736603
704297
893670
268370
805908
288161
27115
177539
575486
746687
290798
138865
44300
823962
5135
502219
500533
848127
438203
520822
964196
628739
447580
29340
884238
971288
172376
810373
92376
909949
286716
345332
130598
696738
613702
936506
501251
640817
114046
76737
903857
921196
731954
948157
745158
737089
450376
245691
585216
404931
766514
65765
33671
730446
95105
434261
701734
267481
760986
310463
693782
47702
655795
824380
260792
785849
760887
762043
943018
391285
355132
846875
312481
87086
795032
57639
824175
245409
303330
925743
166692
586196
991508
716715
832995
86613
150976
51081
354095
911962
361544
564229
476016
17339
388610
736808
803188
149497
15203
262559
540782
370335
109434
853263
457421
904467
427254
797948
666228
246936
723692
349272
349485
231552
65988
182480
318166
216964
233561
188613
645279
595106
752842
121295
128797
141452
374456
931986
807301
389659
194545
348083
759995
820331
717698
733768
241150
661304
531717
907378
908241
771761
256651
774078
3313
838991
956558
837831
55955
190119
26444
701234
301577
295639
338882
430375
437091
713338
878713
760745
102997
589610
625180
379344
409941
342879
113113
651092
520535
161182
74822
945128
449295
847825
719206
968960
686816
192116
806792
259124
898588
349588
476710
200165
645227
815592
146892
598671
528930
25605
359416
148280
131567
984596
527624
57861
843827
157089
225305
364363
834623
816479
825843
283918
664305
545050
252879
351121
737166
576023
126597
635754
925611
603308
352272
87191
418900
15516
685862
464183
41122
45278
128815
689041
546226
656439
263254
390054
329881
488559
270769
680856
305039
96612
964775
969344
158014
734006
836817
411533
826381
963415
563639
268344
83075
915911
355535
501975
931428
41397
482510
488902
603027
611325
694295
149254
784117
957550
55660
113998
446109
842781
311206
267500
939393
275981
753196
613760
526339
106366
25293
869072
586133
588932
137417
669208
21196
492952
171183
468976
50702
653694
474230
653729
781371
168525
319335
565488
642427
374995
195838
604889
217776
507045
872389
673522
299378
625586
287282
342070
248304
828927
211142
834437
417859
348559
503645
955407
357864
191180
424383
408566
361226
898613
62295
142598
583491
897983
708086
225918
789330
420277
830807
523459
927322
219549
196981
743052
361487
615
85122
609791
829542
296265
444228
763753
161176
947873
719161
519040
139053
143544
927606
16632
558510
506254
159230
658353
920589
383668
884271
709919
803945
231431
233378
247619
450980
946711
990672
812467
947326
75794
422258
293220
372059
382838
56974
49588
330711
292487
568628
986116
952383
12587
2748
510893
35193
678330
169246
955782
61999
569870
665701
865944
801301
415432
113564
768633
362143
620588
97452
825822
696382
519710
635394
584794
418900
692368
634382
749611
984855
719362
252079
937239
731949
771180
964484
767142
449510
650083
239276
511509
219953
904978
893806
537606
836762
523722
822591
198905
144310
920043
541079
357044
956105
176474
941838
375005
385194
92572
640968
370050
811935
409399
823641
60236
180579
304477
827379
630090
954560
583007
657951
690865
487985
68109
744823
841099
591831
83766
40005
252493
3809
581084
609538
476266
273910
67728
367623
659105
160301
8591
545507
972236
417991
885500
32472
114922
189977
376203
745012
660890
959211
919316
868107
963548
987425
129283
804648
95609
213049
361005
864454
733211
458441
990344
209477
732352
58073
577101
391457
218374
102044
453316
706962
36387
338816
255786
151310
528793
631990
412674
706035
107553
331990
90495
587453
835768
219778
908453
447729
432827
269458
312183
166038
244252
302528
891868
976604
876953
985321
884413
611679
87365
337729
318641
123753
192897
574427
275063
238042
722769
687737
944078
830322
536080
34573
934128
371848
770703
842581
819577
203530
628392
648112
885921
872644
466992
777789
365600
343945
279462
766365
471976
366827
104094
790617
6932
296991
881397
798347
51385
604166
2437
995463
950841
538517
546388
884969
426717
317091
243902
762646
36974
872294
410758
439247
744938
394103
733388
626890
254400
12850
393255
726377
379677
13701
33346
902962
310692
914743
701309
878430
35262
703746
873893
986103
758615
936634
387424
185332
770077
147678
464330
807051
19973
391441
246298
281263
785544
496038
908154
556296
508888
301409
282673
404918
315111
316020
307880
142155
747115
525541
20585
782377
745640
410831
284832
504255
347465
188608
205940
633894
336287
670270
957298
356260
578063
719948
153875
879959
215987
62029
436256
724875
879791
718929
129793
194902
551301
437673
853409
298417
479567
873995
80794
225207
801178
881979
729462
664995
70587
451754
298889
406874
638377
256187
279486
216440
976136
433362
96400
192123
11743
532656
433350
891534
767937
563144
602788
319239
517169
456198
617656
996736
846545
214802
221943
647723
96781
467758
829070
167369
919512
127959
90595
557889
900499
886434
774330
392987
319796
387082
101462
847891
919738
534812
255778
687675
97956
858566
523266
615126
831116
140922
128214
677661
872077
350158
841736
968858
817916
187158
652579
253780
315118
259527
811670
731969
145961
102352
124956
982109
5786
226418
830000
441876
761230
85778
129551
375539
460697
169170
507017
291813
826444
635231
485827
698521
501741
327563
183732
836009
514722
352663
89790
346192
612190
417812
594513
758151
36516
235821
740260
42302
978591
86613
484178
256173
688743
130081
631712
149440
815603
138729
441254
642048
290313
927081
340569
792054
770996
524301
628064
802070
876965
234206
664614
5507
168370
259127
763659
204886
494948
20271
763540
989891
623236
764070
246065
311980
894151
877777
461420
709755
532859
902674
351803
339524
346107
208724
131578
117104
249378
275994
919174
642695
510200
583789
648202
194922
359268
411861
399808
854217
948485
163348
360460
571721
927418
606525
883701
337922
655
345122
564029
533514
764148
432184
873038
110256
157260
520968
743712
406638
796963
662886
49333
823515
763027
697536
18438
122296
625749
934598
492865
574234
614299
853325
145956
58069
459851
546009
395991
976858
407483
476372
510372
171632
908556
899762
798240
65817
420730
541952
988807
734045
721190
38141
73913
570
735677
608703
122866
877778
543301
132083
452013
157600
501760
114321
215670
477963
176682
128013
454821
584166
604386
481545
272150
29294
381307
70390
611463
318390
128694
600271
52435
366236
154764
126348
366806
406793
735051
6024
284571
794705
138107
736584
952305
639868
367257
684327
634183
543940
328693
89005
644458
933079
570550
916608
478725
951858
503350
606541
786600
632044
723164
839035
998280
877928
481736
365087
284721
733139
371111
569292
527844
25571
822229
996502
181791
705838
197181
815974
766130
525874
421331
410588
975305
991882
327196
454031
460092
830546
576924
246692
978942
300088
602079
977223
178016
83815
858662
979089
333307
746125
64733
377503
771696
403314
374005
469839
109153
571187
802166
391635
613413
223497
802224
588719
731731
129420
559102
708175
476319
136026
471219
455261
952466
73299
948836
130482
673466
323850
625923
6773
69976
690656
384277
358024
610323
274634
344216
235828
362173
146382
627463
975587
369879
429687
80658
617963
75460
156112
326138
68131
292138
797358
523392
244604
870657
988581
891438
60475
312431
33713
583601
898759
240721
484230
773136
851044
758864
117352
86872
637390
780086
714336
129329
149965
144023
209987
284280
735835
366099
610419
803966
174589
407777
843711
935545
794786
832292
343335
855261
661075
377048
438862
76187
134121
923092
849323
985166
198309
483027
72038
835699
263113
786374
481380
929430
446750
207719
213711
698937
573818
824130
502904
264759
748259
346615
716656
543045
695259
576343
398306
356334
469743
353521
948873
603864
792965
798196
589030
991274
797575
177421
343325
60688
480147
824705
506471
926897
32424
720182
625835
122594
60664
645091
903705
808923
508058
620361
351968
203317
713056
266626
76003
182799
620147
24877
786664
413113
339425
892046
920739
137001
69467
264065
714041
549615
605122
220512
992864
637547
940694
135051
276493
517710
780142
180199
326633
804552
316912
678601
7869
29969
461580
83873
729120
81727
625102
32136
11192
964527
924183
931932
617880
510002
712349
331922
59617
317471
68786
568834
955018
525833
220237
747864
43543
516732
444415
370177
321284
761327
565130
329154
307648
26710
929379
553121
624790
554481
585257
635982
35360
25792
84266
653241
535795
796615
501515
111764
114087
570301
680598
585457
96134
900836
333321
139678
933920
777736
509855
255204
55416
591337
584358
879416
134400
513737
948889
759190
584570
534147
911524
619931
559939
995791
273172
612086
792406
774687
723851
422845
344988
920801
8303
957475
337989
857976
97153
271909
152065
123360
527114
207481
714697
627824
603249
365449
141562
552139
124639
242484
602638
552516
862415
678929
548307
651939
291016
857065
942978
14867
279911
804319
452020
288214
761794
790010
146190
858947
578271
298255
498659
105385
22088
729708
733210
141690
95158
391124
210181
736149
633608
812819
288665
12376
491748
836972
664315
782764
210390
607294
313983
490301
411613
766004
294867
689759
72366
957409
65058
650637
772017
563717
756023
310457
293425
5585
452147
388583
396709
662328
124733
546669
991499
929750
559045
483248
283075
223361
266012
493465
347007
96348
500118
274972
862352
794985
964731
934718
268746
29789
101707
557115
109858
374082
867573
403283
379667
836072
308219
292728
14753
432952
839398
6252
362702
398443
5852
162129
138156
788217
655594
1515
884565
155712
276487
263269
467049
757570
714339
252148
787359
816046
809263
413569
190129
193188
816853
569796
29261
125072
378877
560366
74376
218275
82970
953430
133070
88823
115560
787579
877040
287506
789094
761605
443219
65582
24874
426620
339504
739213
678768
643216
71611
4384
56785
261740
197572
873638
347889
743185
515062
726766
819903
589438
461393
902874
59221
594463
991697
691133
898394
385089
978639
687489
146694
421858
269423
687920
364831
608927
943485
559951
252143
15096
564335
308929
276837
278260
698919
141078
21445
213982
867844
841349
319772
329237
744223
378993
440052
252272
70126
338447
637361
48766
542288
300407
986976
811711
504679
868159
936990
964516
428111
189134
979612
508798
498063
772801
787058
196982
913879
808504
927316
298075
166205
247089
143664
426780
626082
583717
195404
212561
438516
832765
777679
980804
649524
281007
308867
670555
149167
245857
635071
93630
434991
614683
602428
449406
903837
389487
162741
334068
714343
90057
632144
880548
853498
292160
823680
995933
392229
19084
208494
830745
851849
502525
327901
17725
299884
153120
688280
965403
398978
323351
59033
350321
454386
177814
316080
874575
567301
995173
208644
281644
601582
357140
678544
455081
649300
502224
451014
557882
521308
175860
388627
889509
678385
232881
423586
978269
386001
111866
943673
301331
951569
519058
168005
922307
696872
484085
313235
780525
479258
521879
62169
80840
395371
257065
535921
561023
275641
503287
118905
796949
679147
23885
202810
357532
256766
626396
852154
159119
254614
312179
460451
722535
831237
628456
644843
44462
628893
958078
824987
624503
996309
403509
705343
908032
660574
757617
469055
936216
777256
104313
249517
456404
644550
452328
330288
417668
595076
698794
576787
849691
10973
553590
572226
358563
698398
733421
403025
327291
691499
228012
468146
204160
631521
173490
112192
808448
447459
97600
261016
224715
718265
510533
197471
362815
479213
527760
780483
74290
226554
357270
440333
753880
427213
12559
112443
125611
745981
31820
969255
953832
776184
437401
157993
407706
127243
786537
732506
91054
400489
993522
832122
118754
20407
29593
481569
499621
73705
262052
90263
816612
135675
530596
570492
562888
543155
199287
204851
805488
231107
174106
275673
523643
127860
433666
447701
255103
736555
180207
346158
137045
690081
178280
255799
710489
724225
253721
210110
797931
515773
816725
614543
167800
347321
701387
730688
406828
900674
935540
212317
648133
625998
487990
171776
753858
438008
619478
525314
690915
316037
387824
827960
6119
82456
600112
716608
806681
853833
443070
120964
885958
259795
735507
53759
607116
953246
300799
530296
370272
752691
742613
18405
378690
746955
706534
648900
701315
842364
690566
392231
674753
78390
736543
680872
160846
336655
913832
483880
706840
356902
604844
592799
133049
856704
162910
256517
326302
463709
786814
696575
216401
45779
231332
111443
309087
937866
276695
10402
296582
967262
402633
971336
562004
139177
168560
239203
992184
82393
723083
699025
955647
844279
808176
88697
217335
971086
345214
543638
951147
648380
240213
167548
694160
471545
795343
3247
925764
72039
530001
738698
39301
932635
226386
117657
588164
394947
356860
96700
477340
79943
312077
949339
440575
120253
38036
174262
607691
899603
717900
558839
64335
474465
242739
758495
462363
38083
278094
904479
110122
808096
643177
665775
257083
869564
783432
361599
780863
656645
458299
774555
252940
770377
723894
693515
406982
278283
867778
14674
694238
102030
89865
758573
92848
332604
33421
555211
887039
827867
976042
513513
635963
619219
179288
409398
5135
479073
770997
785998
135718
745649
76905
388658
516026
800800
598526
923008
79083
982656
454034
289673
84686
543899
48246
177534
392856
81667
249097
279895
909535
225139
793409
61850
360711
489049
987601
365846
484474
758598
668197
136544
504247
745102
525203
536625
62254
640081
975986
657689
622737
430020
947362
223775
490272
995609
917662
883128
593628
683111
163023
19515
908251
472784
597718
785314
961834
585319
667512
446308
860269
335709
582853
880869
597164
624408
933846
659418
780841
909832
833460
919930
339853
780822
143705
830125
292783
61367
229605
402764
260831
392628
422279
169082
381765
536349
954396
343599
638020
621908
306259
14642
473970
405464
411863
587486
546224
345709
246904
327065
255542
80364
246995
111747
377539
907053
458224
670322
484772
687829
73086
745603
596809
11718
914685
978574
548067
385433
838525
702440
523694
144785
717082
997664
66601
128945
585150
612826
991006
348406
939891
246548
945123
703239
874647
322662
610292
332871
509336
95064
537052
582423
840668
133862
110493
271705
628788
174912
173491
467314
877352
697185
128451
110786
211201
195052
239731
312703
807878
230738
177461
264122
993638
638936
483713
868286
961598
94005
717509
987287
705421
254562
569710
546089
388424
196555
334147
17212
371467
507638
878
248820
721175
129329
359606
448728
324382
115690
761431
648612
862780
455244
912734
856418
94181
396447
241056
55779
6804
958566
43066
712226
729480
129128
774667
634256
325683
625166
651468
213503
649156
168699
462323
370331
298028
338281
819059
138762
453971
96842
787375
833103
552087
216461
689522
646268
129261
446930
218399
136065
921848
777818
364643
651328
423298
139311
285584
748982
280829
453405
478837
929986
622104
941160
300317
920132
795793
635729
58895
766117
732571
362622
599220
801010
579083
805094
447278
708344
252025
182030
360762
173873
959848
725405
825202
383146
381068
110786
648480
661898
80543
127317
591884
702647
584829
408553
139132
380623
44282
714379
146740
293206
77001
745960
94216
172436
551055
541495
880781
319432
239877
757895
493305
199725
483300
834859
99223
864369
461998
747704
42619
542541
391373
150855
245189
976203
559408
900673
873178
120043
615052
19918
413249
692053
282230
23817
380841
349637
81664
261622
669069
321541
19517
678727
521266
19170
513586
620490
399891
975584
884546
442510
34478
792271
109717
796019
768474
669125
696692
158004
305520
311744
177922
235121
520149
976505
258939
900990
326142
340603
678965
995212
662145
214834
190291
699763
234004
703877
320253
150247
195814
721151
109109
230292
513423
218826
542663
798249
404304
239355
956254
709824
551099
650528
944946
587600
627033
720237
488590
953176
60840
683907
464740
239337
898742
655031
939101
649098
875260
775706
315698
587426
496858
424807
334070
10281
643634
876733
324882
564290
116088
281136
790466
183539
931665
251764
771139
75050
972001
776082
544578
549194
976341
525670
788531
391435
697053
727632
40534
572314
19691
356232
676092
516549
297391
10163
43182
457377
886896
368064
21667
519337
165553
812134
702876
97218
63898
990368
688620
35900
282802
233199
101446
259143
758869
889977
166931
455923
133962
207465
544589
153653
80049
220681
670202
893792
230844
229736
351170
634093
114152
372837
153430
279705
701323
372658
893275
765222
879378
581896
317474
162180
815095
418920
937676
573964
825249
104607
546239
959211
828424
90828
112864
424825
311510
299418
318617
542354
45506
186139
176447
159659
75329
846229
439364
776652
218888
848992
58226
98266
430888
892052
776799
762335
827324
230827
852651
652574
851786
398891
611785
680210
6071
241002
621387
317581
56772
456356
376288
102279
642496
69087
778290
717825
915317
734006
10829
134205
582998
69056
748823
530238
477460
41974
292573
304785
272801
145225
957359
124587
60468
85496
321149
66539
842850
942536
900473
415975
915245
276761
34606
74093
345848
812896
791918
261165
546902
319099
911722
646253
904507
660546
176491
381968
702520
985417
686753
491674
646994
160464
616261
707462
762312
453763
290353
121515
396299
190826
537490
827896
467587
572096
901989
813436
901344
210259
590953
964598
529359
502676
610851
950218
679574
303695
332186
898446
289112
535291
390120
452458
212107
522734
159920
974420
976497
966625
612287
889148
157452
149777
717045
141391
238225
135386
471179
139569
345646
62133
620519
391357
81161
747723
341575
277087
51418
673762
691885
856882
725405
82006
309340
453865
121092
985612
944637
97589
952237
556924
503089
626041
706701
220134
767433
461278
871873
238612
117199
217519
817097
737718
608876
898258
485441
466803
691697
53211
140565
383583
426445
382323
981941
252137
836188
103033
237749
780825
716974
706339
854101
220063
332380
77154
956550
99813
538432
828423
338426
655631
562294
155523
909701
171170
570134
911495
637973
261831
481058
294891
161766
907504
193566
143707
159641
546106
246740
913743
843283
963714
620082
697384
700130
952462
774538
656680
568628
312970
1455
423406
484953
563749
95281
911006
251271
665415
822501
405596
443599
303560
700487
121717
727416
410405
265425
887057
956511
512165
800800
799794
992232
937234
497178
208714
406049
788068
865394
974677
617390
866849
398083
618695
946950
493364
529702
198221
675132
868555
603817
635083
172115
820657
756800
415883
231062
538577
302941
703926
50743
620093
503720
559327
73680
517251
768041
479729
305319
149787
454406
439062
532988
368841
57757
479938
378557
587459
194511
570041
456015
798328
205124
144482
135337
478277
560366
366400
16854
379659
70326
583949
516104
90398
659628
589784
124001
944021
585865
945673
93808
40271
384735
143148
925464
442492
139438
304022
546304
333949
874063
518671
648630
595540
179505
783967
73817
256223
666719
607023
152234
253397
190973
668339
343796
850601
774475
984149
310975
360341
929822
404783
916964
314557
64284
842429
273402
203722
662803
336058
54024
536866
854729
219006
132406
550586
2973
722575
806810
186045
329599
959044
439442
36924
143735
299590
403877
434563
283740
714852
311256
213562
635988
228220
44472
700272
587001
834226
420346
249804
170284
990722
303023
541365
209728
951781
91951
729054
674357
898761
915099
520308
374158
870893
73584
517893
686836
477461
468808
970576
192314
780064
700490
344654
8285
261314
561278
111638
95540
981624
877795
782176
488699
180818
323541
698427
648951
415493
943833
839660
830606
858932
359968
204764
246178
433552
239010
933014
427366
707818
419942
136032
487883
120432
480686
12520
898099
41964
640510
993639
539940
518305
775816
28639
215475
615709
243419
380779
547554
187252
220439
378161
562537
96760
99277
325067
46664
854639
258081
474030
562458
194375
610062
566693
314807
607100
95565
212906
165416
252427
722898
221709
287085
15066
766700
502560
630775
526471
883339
178330
713724
620131
72843
792613
716891
172120
117680
763555
26760
892113
237586
105570
86488
364000
188615
917647
487453
800532
646906
169221
52959
369804
390930
340044
901222
673983
358957
531997
200454
758648
226679
914178
378779
299522
223143
612022
987995
857175
375578
531107
749288
129516
153029
352128
493516
857996
269776
497321
658528
916682
666543
227839
802838
57473
84236
704060
731456
959545
752409
931911
718193
979089
362441
613325
794963
101937
225347
299310
959112
600925
830417
224753
246793
499798
576881
740310
357794
846657
237631
16322
279691
904174
760514
82529
478000
844750
786589
725808
804295
538999
174071
38840
34440
536513
168517
829403
154802
393865
645066
113914
511142
475483
338667
757936
975282
915549
14598
849428
278558
768581
382103
558250
189108
142617
157131
667108
503719
460073
392916
824366
515424
566988
863206
549864
619853
31724
895619
774655
941941
540685
404921
969435
532521
743589
727371
24155
175490
258321
873583
454048
26903
255686
528650
216011
914655
202134
399471
418374
662207
792387
242740
177631
875727
622299
243847
11932
170375
655818
786587
112316
712856
191509
81751
245377
451450
325475
785884
626940
100148
175819
597340
127051
431506
642343
859414
862513
844477
258885
797240
23036
567625
556332
717019
959704
178631
477218
971637
865358
133036
274576
977674
845892
466085
575778
607621
433887
417605
393505
577179
517753
569325
174520
161157
517183
333215
20571
896048
694044
795809
693288
717080
879786
765973
434099
839490
944604
911317
811127
326315
560705
85704
303989
922950
68141
396119
530571
502029
813724
440429
595560
847830
526106
770080
8987
559641
619647
545910
455689
313691
858071
665330
547123
737857
431303
981222
93700
892259
408891
904827
218574
485949
506883
38916
408899
91377
435035
455822
593406
765112
896251
705318
612942
938709
475399
138281
498350
611398
200543
954040
925090
574967
135722
472213
829176
567025
969788
922876
459284
895031
827704
194211
380980
850939
233127
306231
942316
184514
762054
52074
949626
658305
757393
78920
597015
749144
733553
611717
360542
450449
565757
285632
541768
701479
274198
370944
784856
760338
293821
760493
655369
121525
954704
552702
488816
704183
858933
431133
405049
620987
483207
354676
795645
240600
949948
909012
989744
199854
520729
350287
166655
602839
152271
708423
820670
942821
79367
605527
703159
373188
882372
874881
11065
353428
427583
499882
57611
802868
931015
462660
423856
930574
333688
735853
171175
799989
644865
677271
516195
165594
543910
682850
768433
696182
391273
589104
155355
986992
710983
858515
360181
593355
733396
887598
946783
677331
387480
520746
480199
834847
983406
420407
765422
833447
156260
452949
633436
801125
130220
149631
483072
674131
348833
251505
886665
256458
356961
42020
243450
67944
900535
603631
177651
150283
7582
124434
827614
395062
645180
824166
229910
144939
244573
511684
978386
400834
964633
128174
718311
94853
794157
201383
768984
659342
969241
655649
915800
326202
697670
159250
910499
114557
279234
88150
264841
286816
728937
608807
198230
890469
432973
944492
35408
677547
456176
530146
594733
420809
174672
313044
32015
968829
514428
317351
628171
483669
973001
60323
326223
187023
219574
236722
817932
15160
841225
599125
301976
570162
207933
500206
460631
157258
961051
12392
351157
417227
58890
945890
354389
233563
775287
386404
718744
806067
703755
863268
289736
193108
923591
132311
896483
143165
885386
714416
674677
726611
829893
976653
813125
554178
993212
790108
711437
470615
318852
62594
887842
377743
524837
242231
611306
816476
628635
330050
622543
848743
193318
428631
41851
633262
560942
454687
292779
446328
169103
967457
689291
515348
460462
18768
69527
970026
808877
780964
440641
644081
359910
328484
21824
401099
87067
633130
217575
232055
479533
840118
80798
189203
268749
639001
822465
346044
93688
115245
792372
779143
599054
998016
294492
59516
16784
880371
29543
342013
661335
986536
986095
537597
315020
7919
455049
918440
157402
672624
150495
153287
29095
747645
342490
814196
386646
681308
160240
996687
312905
468965
292182
911959
466981
103026
971475
117
983397
517370
858483
161084
503907
844578
698682
335279
368849
670083
253719
42603
342707
920566
195890
888154
668211
54733
702351
571210
736041
378943
84249
48946
847908
376431
477257
831241
479458
448732
347711
979207
482455
206194
140292
502714
567124
355326
837993
935973
25409
608065
494929
884468
528631
690819
288975
713195
745552
991326
284405
997945
370269
368654
563243
734530
261437
40500
82123
257247
5585
429834
236455
488040
152380
376747
990754
719504
248425
345099
171830
273834
953164
666759
674654
998148
357578
963629
711343
619483
471307
995748
133780
357929
880754
697024
92459
142191
737524
690934
399439
259461
120769
152246
747501
273149
45345
254607
509006
293770
599707
680836
83956
69223
347595
758610
67371
221525
238592
778714
357360
709899
290814
491141
584180
687920
188165
192991
830112
442041
883926
745903
701503
521047
898149
965356
310548
943494
736316
819554
753616
852375
500390
837572
921598
364337
112534
505322
102215
867478
800388
459575
93730
91203
950716
677910
779123
655233
870902
125587
613627
271180
871490
831482
792227
285991
313190
102775
745837
49506
922330
499453
901881
939072
853377
339832
819762
965912
845154
921977
833390
645542
381552
443472
253097
848621
121383
548573
20206
508637
674160
150185
779817
62003
981667
572044
864346
811210
191171
610184
860716
629853
625989
278950
85278
479367
618782
905040
961631
980288
827017
311373
142182
724921
754846
395280
573542
876229
943853
110101
384866
134365
776638
164683
196368
274658
253079
60715
85868
444250
187251
946584
590456
813240
741886
675734
292607
877020
580774
770590
857308
924143
81964
515843
649064
836810
427475
738959
713039
887680
849060
614257
22045
142050
295292
218414
416708
548371
795481
502576
508973
982732
965513
99429
312324
707399
775163
121284
584420
872289
891874
958080
796432
973838
990275
445497
810648
417750
700808
40039
305430
549868
654296
327476
691918
949588
62242
624979
14311
374075
127555
39637
873159
93068
655418
185483
316820
946934
306767
417592
819223
714994
892024
615656
688832
882300
577505
15833
300050
278313
55872
121833
344533
226521
449309
552803
692461
27903
177782
706773
401978
305338
262762
791489
914758
918180
976972
231578
865114
800092
649170
684338
515086
541195
816346
720270
939847
910203
736103
239897
188516
791976
361730
49401
18497
327391
118556
710958
871646
296339
934083
789976
118029
196845
581465
549139
631378
558438
780718
496492
874882
946240
697182
906320
3787
513528
626590
943634
940083
362694
699884
644951
154670
577966
694352
689519
421710
812909
400477
293356
625600
850913
83333
259981
564110
664798
809120
195488
739588
106190
208333
130822
568783
905515
37142
572570
935396
663733
32557
875479
26427
732441
520431
181097
826759
731135
386968
248469
60396
303797
58178
685996
154710
657863
462329
235173
839013
271450
430661
578602
893992
155346
225776
462775
60862
262919
551698
996258
926652
584255
388089
953079
833048
424872
650528
176159
156008
37496
424629
216404
341293
999159
418753
12356
657022
881082
247529
12387
668884
194542
590989
79229
349889
333118
542004
410751
596037
93702
923361
522689
194309
827802
992120
27357
252675
642648
203517
925035
196496
144498
657791
54141
660009
76544
66497
833383
473979
314026
845770
659215
24921
953112
738444
374810
286230
796801
301913
882267
406855
741626
921308
601165
85780
913428
144874
338455
72428
864743
779842
268924
525593
437634
323065
185602
30530
905915
18985
20861
736293
381108
196429
761214
334220
934873
652376
620450
248026
954289
19069
171234
212267
940377
772399
298048
853805
433625
152855
926233
814721
932698
711509
340314
370332
550926
525917
917214
456841
61254
938076
193135
442362
134505
470701
292934
585730
123078
913384
350109
77367
932453
521343
805987
389182
810094
104035
242987
760071
256890
685572
574792
705940
913433
915107
592624
464360
957376
509839
437553
534982
964267
147040
977345
98772
617742
786631
200854
740820
700016
550963
334539
148821
72306
140526
538004
398752
760913
297343
158824
534156
499268
733616
240096
412701
165075
349073
393413
122451
858912
830967
657434
823179
978007
151131
438303
595749
937762
639157
852921
154130
706473
187461
819304
295131
844339
357308
693884
605253
171003
369060
655761
670271
102676
412209
599325
267752
761282
992738
906555
620194
823705
80341
959725
318065
231472
398028
430166
685587
553538
283088
356069
260011
986901
175373
555142
831240
49033
765378
952845
220037
134438
608606
406660
753467
20816
5985
21219
782098
998724
444126
918645
338781
524468
878370
173198
755940
276399
603365
957879
346289
886453
313949
606300
389706
5674
677794
220946
54708
959525
173792
791097
93963
298750
197757
847430
319566
203743
385001
618017
718819
829128
536662
57600
353596
415032
747151
625888
207783
350516
100120
554072
753321
414069
676724
143027
936095
354519
880325
990803
314044
54117
298252
924359
352868
496010
771790
188786
216105
673143
806803
451276
502271
343465
25228
372219
274850
772379
998108
482633
122895
98228
36706
876216
28649
229782
535595
964744
584301
415921
471900
414697
986390
770152
339057
855610
782514
627199
44397
514971
816694
367552
966247
318966
711018
991476
207537
985868
763855
205645
984853
403103
820225
537911
795671
365226
767694
331267
846323
868347
263540
834575
283045
249930
121079
138454
105541
903594
282005
666290
934917
98699
33842
901165
934017
261212
892641
141555
763432
172848
863552
748286
575951
200130
802549
371623
565356
570243
219242
928031
438591
482782
762606
237988
249064
883686
892794
354605
303632
691151
537247
238549
306202
571090
139714
756572
348654
548707
414479
112087
237908
278031
376725
330211
994513
179274
701834
76222
749518
437428
4253
704461
920210
283212
458801
169275
166898
867947
40232
986882
75450
93832
225431
381652
664922
881498
138224
529928
946557
552703
642015
184465
347087
535092
514677
857952
714367
732863
934174
980237
170292
454780
201050
606854
737992
176203
292481
904890
560502
849066
408124
635952
942898
633555
533956
124172
31405
188533
654100
977963
257588
812468
678780
121027
347560
709809
978980
61927
959025
913154
558516
645669
367934
759566
252523
105926
452121
61357
527168
12623
910423
935292
648575
369673
85200
182532
493845
632957
887417
664297
127272
145005
993117
806053
266033
340678
32214
245013
918957
991239
674519
477474
153260
42454
753392
922136
664732
205514
983493
708253
218137
410268
159897
383065
296293
761449
81949
306490
394407
969366
970787
521679
114371
963905
844084
896756
820935
876299
141769
256244
383890
332641
250070
537151
891447
3463
459287
72531
725329
959132
780784
459818
369400
457034
842883
182045
218483
924832
488535
129242
410550
459322
650922
41274
939579
11358
938030
276866
887657
596152
533111
787900
928793
783181
841403
820240
302996
817042
892771
28325
776174
189908
488144
661926
646942
847379
843971
381777
288564
332506
511020
699114
308180
678294
740388
247760
689652
194771
40978
93662
790923
574089
881562
719716
357271
239317
56308
176619
56359
465431
204945
832533
655339
209441
10811
818633
573172
854782
716763
861736
703640
744135
560851
11820
422429
817591
775932
628433
12362
816911
722095
319637
907352
120009
555705
780975
875678
612013
957595
932037
77445
678892
280922
249136
888333
291733
584122
977857
662867
300885
839594
366507
45020
916797
894680
467449
734388
186964
612234
263103
520227
334330
582740
427580
970691
138446
724907
846370
266811
682502
294759
860608
361394
575682
109745
766079
867415
693867
743937
46635
994752
99883
929494
556124
16680
824174
23573
267420
527491
635807
46875
47718
486489
145968
991650
973533
800766
716558
336255
67577
399060
631014
928186
276807
206696
554283
559238
590464
764502
819527
637099
275606
435762
566593
831730
452442
907120
371655
236215
950963
523814
283090
998681
10304
429058
990332
500189
229824
706890
836444
813754
622302
467458
258292
415461
674155
328927
491052
780971
93429
826931
418070
885387
262694
501015
717117
715136
924487
605124
951351
875450
128938
750794
874132
655594
696204
380816
155783
442381
604058
508579
256135
742712
976038
30779
674526
166545
359706
165578
947516
969487
992509
881938
854874
255203
382953
88343
486692
823793
693467
954395
699243
338757
705189
89727
994352
917746
986895
666487
360127
590953
175067
132614
850018
667457
163393
524544
834002
523099
690122
297870
8938
198983
179808
863812
454187
79113
468507
457231
902906
161974
411626
118502
500731
633168
208229
11435
550914
195125
677923
911041
302430
852990
43655
152448
36799
207048
193344
870801
246499
883466
685023
255437
598802
864831
635601
569341
460296
104108
26572
363203
782434
438198
481705
799517
71366
206286
810953
622280
401411
488876
49673
220194
858218
93328
372642
411369
816728
82339
282170
63227
965805
483545
835016
80959
348376
470617
650300
808672
91077
676872
688227
873511
631423
686284
673029
702789
892571
334
841422
810334
5562
891095
30528
863780
984424
919523
275149
801152
1862
73671
380732
484019
557216
215748
564979
421944
202718
731631
746968
810147
408504
435196
683659
39927
637832
873040
259068
530403
389726
100490
340738
395288
991586
887618
775420
492362
323493
566921
809866
325355
156944
706950
325727
230512
439051
407058
652456
641769
138689
915776
968268
63545
867324
168279
103472
505157
41319
362541
35560
431045
979383
892650
342685
487321
296621
118105
496035
620114
685026
305902
461822
841970
12852
303901
72482
968255
710959
241290
126376
366000
157067
94645
429546
24391
262924
533018
45900
820596
411911
81461
767993
391295
490463
110679
394968
303436
228784
891004
923551
430163
196906
901725
788485
726110
205626
377320
210718
432937
618610
337094
798937
292029
431739
228483
832773
694664
277854
878673
515260
689765
476486
283253
597412
966950
393932
992381
786738
139069
883385
226641
569232
596643
128366
874069
839105
850344
251389
49823
283281
870000
386918
598571
162029
335009
827054
994802
29673
104908
389828
544933
311026
866314
344539
908438
349616
738471
417171
136355
393892
816908
362996
479476
413551
7715
353546
769009
858059
604935
335184
657693
474935
722102
256264
153317
57112
599670
664471
603137
220931
54299
664423
531957
436966
8962
956747
786582
263785
373919
922937
657678
190827
802286
137154
120731
810001
490700
406092
184412
95636
741276
842105
86923
979731
614721
240240
553195
214392
421064
156332
435323
991715
820755
483632
428681
829717
440379
215264
609855
330650
654553
267533
37830
456839
921039
158561
783192
411740
564653
483957
23728
822281
326062
110651
802012
457136
867244
355207
187880
288308
27892
139555
796375
848647
623187
225057
194717
63566
440321
804572
394217
611226
588457
432047
584418
509496
106960
367610
921236
187965
851567
461316
10246
693982
571968
328611
667470
439212
200170
855350
243872
228062
994905
40247
593062
618092
781656
787779
198010
738329
108703
108579
349556
697160
56978
933974
723008
163938
817936
160597
868255
185856
621913
394854
879838
193881
723465
63660
149445
439987
919010
909669
668050
430267
466269
261112
564711
247925
565243
762721
502607
673946
387653
852163
887458
444631
302489
126818
124922
120425
287415
993177
306281
909329
904383
702471
619562
144200
766131
285360
584188
201493
711381
252238
631760
177650
29702
196471
941928
594945
475545
444535
785243
863198
813050
189053
307829
115539
315871
949103
235964
603287
458633
58598
28968
363016
761069
164882
23569
43553
966594
607757
245046
677976
376347
393159
371978
922401
105982
830258
517346
581527
274793
818941
961077
604195
7994
785259
719734
323865
734362
472051
927152
192995
530649
472472
72364
808070
637355
95933
851623
603949
220042
96670
798277
112741
6181
170256
35142
112163
514
68840
210043
791660
887781
687472
912207
895775
472731
631942
219640
723446
620345
663145
916441
150994
651969
505157
959064
289324
117442
327040
409626
337484
940062
724255
450225
946243
410863
1719
574758
411378
70559
301153
719390
474692
988626
631597
370467
461357
779891
106460
184803
400236
285957
617597
67582
937926
122754
26647
743603
240197
870039
669581
94033
810101
393836
60611
756344
804700
62330
847454
732430
649242
148608
968172
123934
137234
599769
494402
598591
896013
117214
299747
296249
403171
433696
363832
341097
72802
906831
84700
829351
776870
270633
923385
586971
664470
983996
859667
985522
562678
707121
717952
211920
855729
686124
335855
992963
802245
346609
107907
698258
980175
924006
510860
383346
357702
391044
240795
430504
814227
841848
259856
591097
112481
699593
694420
293303
683589
70439
278825
762619
293912
996777
974540
149642
199253
826747
658957
1499
173356
283216
216109
669883
723574
726969
53229
81276
634365
294024
28133
448592
652224
804341
556041
764706
503934
766813
58009
703875
837252
336835
466494
131165
849964
441034
797159
49218
784133
972468
567069
473841
772037
783178
143724
495611
26500
196953
93240
660865
7330
121373
625810
175906
442066
181851
940612
946000
948665
514974
649875
302269
368161
632721
949786
218125
590108
263297
783695
374241
235766
350764
848083
524155
650295
991807
19766
193147
705113
629358
370364
228795
750731
996174
404701
709149
178026
345314
655149
643043
376640
821376
945312
744801
454098
895099
962926
560558
158396
746622
934799
910514
613738
782882
951021
780385
291042
487140
973532
996155
116498
343897
224950
383582
340071
629651
92731
34449
491317
747881
677492
867957
85609
622805
612758
56059
34256
92037
616617
709004
355011
67769
619519
968749
850651
570540
265487
141693
57680
239019
654200
690531
99268
879150
74113
439340
508802
166844
990141
516471
431077
667634
384429
33039
806791
997187
89098
841047
89224
222068
550051
444235
289837
685922
929337
656840
772815
194824
314886
346847
950195
969086
37378
49464
848237
111491
5156
873391
794688
995297
389862
225765
662931
290643
775156
469722
287831
864255
827121
893407
602675
377173
853995
408864
63095
783332
65704
352262
494508
380590
699110
444703
349677
736488
494167
714266
364332
499323
104009
159020
494621
493871
901137
673904
784515
676294
659979
588698
56901
487100
998457
175928
380625
852452
584792
443721
152136
650496
795983
646644
547439
11445
91348
897116
747934
101867
127734
628618
601191
231743
787638
612164
241966
205127
286068
542833
881421
946047
131531
454674
949500
129989
630602
330125
498793
215394
290198
650930
382243
602534
297574
929682
613979
905274
826798
878265
7142
470884
506883
124685
702627
810873
736849
944593
16001
539269
487427
413774
1669
135310
868449
951169
781651
15403
797646
796797
230798
87845
447727
613041
690379
261653
542723
820710
683280
885873
698976
690422
873109
722211
331459
575736
533085
68308
36681
65438
123929
40460
479212
125598
175771
864013
593119
473774
879417
907118
270571
626567
994963
234650
239608
201694
496304
298683
22404
179584
700908
237732
386358
574017
959944
717817
666105
9381
302477
702786
74819
942758
743247
70383
584709
435370
934397
694180
425496
813814
601298
212420
440381
112613
447070
196341
314307
459726
11376
853064
155662
712284
607148
542020
802653
83444
776189
468758
92825
595018
687896
683996
54129
431143
754380
638838
382865
688777
333018
808362
18943
450669
20782
975676
563282
467852
688369
393942
443931
699745
247006
599593
928381
370506
141614
731034
453951
434155
716144
546776
545526
404040
747125
599655
351536
501505
238493
734401
706634
87863
542763
241929
538532
79897
217605
618167
64102
905974
12109
508033
122071
775467
107626
50452
145973
765592
297838
599924
199748
13982
663053
261626
934374
410178
861281
285910
428035
616126
20312
134669
703989
79427
376598
758874
159325
110555
377041
739779
532881
905502
247812
654952
680969
355438
221756
826942
637383
519594
426867
353483
49928
89920
615109
984302
16450
476390
270213
444485
608868
290525
95506
829209
886304
472104
588083
561981
99011
481476
301760
631892
386978
549572
803196
584299
421363
24952
411242
575098
544546
354461
928581
110826
960733
543690
95128
977183
536432
881693
421668
145300
688570
33526
490861
574875
21982
595297
136856
120993
76773
438617
269237
980104
504541
72433
564403
442256
613737
491997
17354
158283
846458
945935
785461
807191
5977
880589
784374
542409
762283
722394
204061
450853
755920
211275
542080
777902
806572
678937
415247
399697
633906
684484
379801
654799
273269
460557
97056
887006
468906
114410
561641
315365
576698
347102
122556
582675
744044
423283
641437
22679
662029
361850
473532
934302
573125
531965
228556
379697
727254
643804
779395
361160
328288
675548
15959
117910
652457
629367
4916
121364
743778
566558
436729
836828
913660
75637
419503
657704
498920
60940
680383
677302
939143
670268
611604
512268
718585
840160
408318
445839
483964
187713
806999
328605
379613
339310
446515
32071
968678
451431
153435
228808
534341
106516
65636
448002
698505
1491
622058
197426
578784
818794
391080
517927
5414
2684
546547
723999
842844
954865
169838
843161
658930
493189
688118
38544
348851
650985
586967
317529
618768
256754
62689
153110
363270
644677
117464
61775
646169
739522
775553
224953
74668
166633
259232
80082
685669
805779
320433
44866
760645
490271
888027
935927
499812
92497
974471
848664
743482
77790
682545
362250
334544
745235
515360
214166
389912
632824
792294
552433
888699
567847
293738
479719
250833
552970
76154
452854
358750
396587
497720
635747
403211
902099
88026
903023
994596
62498
268039
254430
140288
950585
616681
991185
212172
648393
205351
602084
797570
997645
670870
202621
81845
964608
682340
849030
517579
274846
301884
392681
671434
315957
544780
590997
218056
632806
10372
729005
211656
278412
499787
868297
745349
116468
859482
957521
281214
581185
75957
78784
578831
746827
797757
177028
227788
996449
26058
745367
271296
844294
654400
459082
160251
199180
50079
894660
348338
576803
140017
559995
371567
639804
428292
633268
756273
804126
590789
553839
385311
183099
632623
480494
446278
946732
657522
674066
943181
199932
935785
214477
44227
106537
673559
204478
822069
239990
615490
170408
333146
755507
246755
704713
395312
191399
337982
667937
995525
445123
221776
897188
144574
370751
377683
107205
317483
551557
297623
260664
267842
749761
475142
312069
856298
665053
32899
678368
421396
648390
848776
754542
403897
95531
975607
799209
286930
829941
467146
798807
791417
205274
695995
935991
576025
590030
43196
893508
657940
857172
154173
925782
606933
145667
754203
463231
810720
787102
141599
232116
435492
506727
503010
355742
602258
478618
671303
405540
308559
654802
720699
99976
860076
416695
552320
436102
523077
111868
845962
697369
969040
135
623151
575973
145802
377354
39205
472875
680809
697156
221343
632653
203884
724354
988395
322494
202972
176051
244387
27883
830853
965086
644212
207281
898133
196532
159735
421211
308400
5698
118580
277441
522185
258084
853414
184340
151790
408971
173567
832599
106128
394910
981605
826364
119264
486352
148858
838588
662403
393245
382824
9608
874684
27036
216890
772817
223568
892977
194028
531968
898675
828961
325761
937213
603397
695528
121553
755187
104499
295120
104139
726979
206382
602096
553343
841999
88448
218554
680587
750852
128151
579763
276812
2835
606799
493702
775653
346719
903032
486033
878688
318059
314994
720801
255272
434743
416329
893177
706283
520829
704649
326774
247808
911032
928870
317504
753031
17318
536058
949970
284522
664209
46086
561335
667045
652885
571389
959050
999605
474421
445083
394645
792481
276430
115446
47753
711173
531776
457283
933808
568957
161932
260582
333117
589316
189452
650621
342347
206771
186679
808670
7645
367241
854756
568980
550638
23993
140370
509688
23598
614791
954771
934595
407272
747553
566394
971378
975079
98170
428661
908887
667127
106945
169470
244
696262
358922
167218
38609
82045
353897
363631
89691
237490
734739
175023
788128
758733
315393
297816
298683
446537
768940
749631
370161
516493
316025
341539
491572
414195
286552
916812
597674
393498
86282
114270
89760
961556
797840
644721
559954
151738
524705
165997
905580
259444
341020
693709
534529
656414
991525
349565
102951
276817
99196
989464
793311
415221
331004
801235
345768
133908
718047
459794
527406
320681
90416
133518
282238
888257
778240
842192
556347
819297
8189
461927
595093
865561
155636
129623
521975
663514
995540
141278
940331
94736
647095
249994
26309
978099
567582
888429
112007
801981
348223
155766
122663
954991
289284
921253
843248
583876
763445
915947
919525
287986
377875
514619
669899
49863
644242
191875
229729
156134
849505
170061
250870
12952
936407
793531
991051
503989
681960
619411
305971
30183
291529
944986
501526
97165
866239
861127
197394
146036
777074
116919
950374
671301
631538
620273
721165
792132
328500
950894
948266
178006
637307
715488
707310
573715
509019
698362
594056
190979
834125
416379
737514
125654
361365
239041
739171
227604
100168
936565
373640
393594
53485
324014
64896
201375
944288
302413
509860
272788
769659
974478
967146
923319
689967
674457
13386
715338
889171
607442
906318
723296
23822
160184
365302
385187
915577
620825
129144
532097
557391
502784
925692
127228
343151
506940
844955
287439
809353
354815
76579
95364
329294
560078
18683
19261
234535
32069
734599
640058
155864
157269
363354
179686
833806
245008
81225
749383
382185
210369
281481
939576
229506
723525
583156
572657
230465
428112
376448
556170
782927
453027
167886
112221
13105
702922
647834
763992
734991
898786
404050
890855
572407
283756
586893
406213
45116
668119
671949
427302
394840
469782
366878
624346
193307
950035
197003
940124
894499
573451
12646
677426
542831
696884
306000
72288
399806
470186
836281
134798
885324
240331
542005
974084
40440
645251
380297
85556
313370
568598
512858
224562
38380
396089
848909
748039
862476
562264
688163
756975
652068
217161
950753
194899
914046
773105
783539
313852
243292
619820
965002
644968
376504
23360
619052
416944
668611
999350
18852
498333
84300
48063
239247
122681
444152
88156
870720
822980
650421
75236
96307
818841
292397
47060
13740
722795
820166
797279
553000
579810
933452
34354
224778
826308
57714
843831
759604
242677
359533
778456
257362
443833
342871
496610
566514
787023
101118
953587
126355
267891
28823
222662
86732
837572
269723
100472
560368
606241
414104
629720
186051
863908
664074
927181
690216
238141
771012
966172
997170
646897
260980
254533
90731
603852
267495
173597
390875
884965
127184
33583
152857
672359
256245
239589
509932
42320
856414
586652
648561
786870
216372
350964
167130
396798
794498
373698
634939
565510
339870
148462
212408
600850
919347
819491
204702
186842
993088
111930
71807
636625
145513
741016
308984
918110
980606
335268
960431
353372
921920
125344
140242
654644
992661
307372
51443
787159
681070
202734
869021
537292
351196
597781
138142
270543
417272
859197
973737
926713
487479
561897
79690
149344
302913
905026
67454
799871
240295
544237
153243
678567
185934
809837
333212
178595
633561
901007
482106
830983
620093
351127
368275
487642
948909
22770
274537
882533
881967
248275
325598
369446
326524
405288
35142
629437
310315
102596
945661
66962
163186
615256
745529
349120
425094
595093
527715
575007
496100
9821
405991
632546
877300
774266
120188
826209
313388
394725
225095
195355
159352
550693
81153
485876
472334
116295
631666
299001
735244
577327
365963
898430
708935
111492
247550
650381
706586
291617
225389
719038
817790
147732
351584
695090
438350
988124
37652
751739
382850
262747
947094
58554
329792
544600
544431
318478
177247
692449
617479
912491
269776
983442
327273
495063
94935
91175
145445
317873
382792
887186
36911
716934
34918
904848
412025
473268
892972
966029
225007
792174
745128
688454
850729
74920
233054
911512
909751
410301
603961
527230
839145
390089
510673
166418
885152
121960
257594
546949
439833
156738
434135
476744
873673
469053
381592
802050
942322
790917
768079
683681
99443
513207
372135
950172
104479
605189
378036
14230
531843
981997
541461
370988
888438
568486
53758
289943
690446
311352
836892
130279
984443
271028
123375
858116
740081
21320
660166
198755
812237
944597
882437
428032
457804
770924
378205
78635
376114
272593
92866
424309
770943
150679
311649
659381
719165
365407
949324
925963
193112
302569
56242
177555
573597
695969
552023
830030
717289
728541
28786
45878
673138
427575
473911
647294
198499
368468
725929
90965
641061
335147
515274
928356
2178
343275
104090
721343
708683
53414
163658
418147
872335
219900
112054
445932
915870
664077
275963
149511
908970
821101
195390
582108
248676
185653
745754
447175
554121
471683
538141
711534
323183
569767
639891
325361
913043
743981
563057
138078
313747
726715
556225
186083
462968
184631
632015
895190
848708
424330
561053
757678
245431
272795
856138
494107
458448
601892
457635
12569
589927
995776
240456
429462
565543
880347
271176
994938
140680
834233
133016
454427
77300
205593
156862
56620
390224
305230
468162
755284
245912
29216
512962
491344
302011
885452
501803
760460
487344
959438
289381
593624
471566
46189
23086
553462
442888
294262
548400
583568
644847
681417
554348
238500
403362
227562
295120
793587
532792
279635
548871
778705
308851
578186
786401
127214
979990
288204
404026
983687
763995
209760
577311
235561
255949
600397
789023
698838
411012
853776
798758
55859
535193
869458
294359
454907
97021
105832
764846
629813
385467
830070
924870
210670
408256
711271
337884
904598
515828
741911
888285
279823
468023
465596
31736
723972
582346
337112
939162
993358
190888
254273
49217
242433
123731
859929
697340
220752
965761
462187
366918
867580
292257
291788
78250
216865
519412
932486
121463
35240
190749
9749
831415
658772
991697
379503
899097
574043
716615
838259
83753
907503
92532
649323
149936
216264
509252
363629
953368
991365
825816
320286
858945
634425
612075
453547
851290
647839
386033
489105
199431
576783
498854
30846
235555
6904
410349
134652
97299
643317
489264
181053
550820
581796
830376
217109
314412
339628
580738
267781
847345
406554
104419
706290
557331
232846
159837
408621
880685
62222
897726
80116
639005
912933
627314
390913
919837
37664
525565
17136
680981
14829
714541
748153
112978
544917
965262
943742
400897
62352
727875
248242
985258
832295
954532
542589
65141
630721
951210
462179
209296
365289
542295
848301
278222
169610
239214
714411
723626
281132
247899
920959
812313
962441
669112
441643
507358
150727
385386
908256
213079
113261
672850
198338
461908
627383
740927
43402
774456
208490
505581
983752
573779
47876
348406
852001
217486
103972
82764
941112
385104
330663
862071
197418
809456
47536
639061
316815
198263
540799
741423
411342
170413
414273
126032
632321
558008
866960
675723
848817
75450
181304
348921
165581
745533
213679
17582
479371
317652
616698
936836
219108
947361
315259
416526
273170
362795
571940
106337
77410
629091
847760
5105
